cell,species,Landuse
7375241,Hottonia palustris,OpenWetPoor
7377941,Hottonia palustris,OpenWetPoor
7377942,Hottonia palustris,OpenWetPoor
7380641,Hottonia palustris,OpenWetPoor
7380642,Hottonia palustris,OpenWetPoor
7380643,Hottonia palustris,OpenWetPoor
7380644,Hottonia palustris,OpenWetPoor
7383341,Hottonia palustris,OpenWetPoor
7383342,Hottonia palustris,OpenWetPoor
7383343,Hottonia palustris,OpenWetPoor
7383344,Hottonia palustris,OpenWetPoor
7383345,Hottonia palustris,OpenWetPoor
7386041,Hottonia palustris,OpenWetPoor
7386042,Hottonia palustris,OpenWetPoor
7386043,Hottonia palustris,OpenWetPoor
7386044,Hottonia palustris,OpenWetPoor
7386045,Hottonia palustris,OpenWetPoor
7386046,Hottonia palustris,OpenWetPoor
7388741,Hottonia palustris,OpenWetPoor
7388742,Hottonia palustris,OpenWetPoor
7388743,Hottonia palustris,OpenWetPoor
7388744,Hottonia palustris,OpenWetPoor
7388745,Hottonia palustris,OpenWetPoor
7388746,Hottonia palustris,OpenWetPoor
7388747,Hottonia palustris,OpenWetPoor
7391441,Hottonia palustris,OpenWetPoor
7391442,Hottonia palustris,OpenWetPoor
7391443,Hottonia palustris,OpenWetPoor
7391444,Hottonia palustris,OpenWetPoor
7391445,Hottonia palustris,OpenWetPoor
7391446,Hottonia palustris,OpenWetPoor
7391447,Hottonia palustris,OpenWetPoor
7391448,Hottonia palustris,OpenWetPoor
7394141,Hottonia palustris,OpenWetPoor
7394142,Hottonia palustris,OpenWetPoor
7394143,Hottonia palustris,OpenWetPoor
7394144,Hottonia palustris,OpenWetPoor
7394145,Hottonia palustris,OpenWetPoor
7394146,Hottonia palustris,OpenWetPoor
7394147,Hottonia palustris,OpenWetPoor
7394148,Hottonia palustris,OpenWetPoor
7394149,Hottonia palustris,OpenWetPoor
7396841,Hottonia palustris,OpenWetPoor
7396842,Hottonia palustris,OpenWetPoor
7396843,Hottonia palustris,OpenWetPoor
7396844,Hottonia palustris,OpenWetPoor
7396845,Hottonia palustris,OpenWetPoor
7396846,Hottonia palustris,OpenWetPoor
7396847,Hottonia palustris,OpenWetPoor
7396848,Hottonia palustris,OpenWetPoor
7396849,Hottonia palustris,OpenWetPoor
7396850,Hottonia palustris,OpenWetPoor
7453466,Hottonia palustris,OpenWetPoor
7453467,Hottonia palustris,OpenWetPoor
7453468,Hottonia palustris,OpenWetPoor
7453469,Hottonia palustris,OpenWetPoor
7453470,Hottonia palustris,OpenWetPoor
7453471,Hottonia palustris,OpenWetPoor
7453472,Hottonia palustris,OpenWetPoor
7453473,Hottonia palustris,OpenWetPoor
7453474,Hottonia palustris,OpenWetPoor
7453475,Hottonia palustris,OpenWetPoor
7453476,Hottonia palustris,OpenWetPoor
7453477,Hottonia palustris,OpenWetPoor
7453478,Hottonia palustris,OpenWetPoor
7453479,Hottonia palustris,OpenWetPoor
7453480,Hottonia palustris,OpenWetPoor
7453481,Hottonia palustris,OpenWetPoor
7453482,Hottonia palustris,OpenWetPoor
7453483,Hottonia palustris,OpenWetPoor
7453484,Hottonia palustris,OpenWetPoor
7453485,Hottonia palustris,OpenWetPoor
7453486,Hottonia palustris,OpenWetPoor
7453487,Hottonia palustris,OpenWetPoor
7453488,Hottonia palustris,OpenWetPoor
7453489,Hottonia palustris,OpenWetPoor
7453490,Hottonia palustris,OpenWetPoor
7453491,Hottonia palustris,OpenWetPoor
7453492,Hottonia palustris,OpenWetPoor
7453493,Hottonia palustris,OpenWetPoor
7453494,Hottonia palustris,OpenWetPoor
7453495,Hottonia palustris,OpenWetPoor
7453496,Hottonia palustris,OpenWetPoor
7453497,Hottonia palustris,OpenWetPoor
7453498,Hottonia palustris,OpenWetPoor
7453499,Hottonia palustris,OpenWetPoor
7453500,Hottonia palustris,OpenWetPoor
7453501,Hottonia palustris,OpenWetPoor
7453502,Hottonia palustris,OpenWetPoor
7453503,Hottonia palustris,OpenWetPoor
7453504,Hottonia palustris,OpenWetPoor
7453505,Hottonia palustris,OpenWetPoor
7453506,Hottonia palustris,OpenWetPoor
7453507,Hottonia palustris,OpenWetPoor
7453508,Hottonia palustris,OpenWetPoor
7453509,Hottonia palustris,OpenWetPoor
7453510,Hottonia palustris,OpenWetPoor
7453511,Hottonia palustris,OpenWetPoor
7453512,Hottonia palustris,OpenWetPoor
7453513,Hottonia palustris,OpenWetPoor
7453514,Hottonia palustris,OpenWetPoor
7453515,Hottonia palustris,OpenWetPoor
7453516,Hottonia palustris,OpenWetPoor
7453517,Hottonia palustris,OpenWetPoor
7453518,Hottonia palustris,OpenWetPoor
7453519,Hottonia palustris,OpenWetPoor
7453520,Hottonia palustris,OpenWetPoor
7456165,Hottonia palustris,OpenWetPoor
7456166,Hottonia palustris,OpenWetPoor
7456167,Hottonia palustris,OpenWetPoor
7456168,Hottonia palustris,OpenWetPoor
7456169,Hottonia palustris,OpenWetPoor
7456170,Hottonia palustris,OpenWetPoor
7456171,Hottonia palustris,OpenWetPoor
7456172,Hottonia palustris,OpenWetPoor
7456173,Hottonia palustris,OpenWetPoor
7456174,Hottonia palustris,OpenWetPoor
7456175,Hottonia palustris,OpenWetPoor
7456176,Hottonia palustris,OpenWetPoor
7456177,Hottonia palustris,OpenWetPoor
7456178,Hottonia palustris,OpenWetPoor
7456179,Hottonia palustris,OpenWetPoor
7456180,Hottonia palustris,OpenWetPoor
7456181,Hottonia palustris,OpenWetPoor
7456182,Hottonia palustris,OpenWetPoor
7456183,Hottonia palustris,OpenWetPoor
7456184,Hottonia palustris,OpenWetPoor
7456185,Hottonia palustris,OpenWetPoor
7456186,Hottonia palustris,OpenWetPoor
7456187,Hottonia palustris,OpenWetPoor
7456188,Hottonia palustris,OpenWetPoor
7456189,Hottonia palustris,OpenWetPoor
7456190,Hottonia palustris,OpenWetPoor
7456191,Hottonia palustris,OpenWetPoor
7456192,Hottonia palustris,OpenWetPoor
7456193,Hottonia palustris,OpenWetPoor
7456194,Hottonia palustris,OpenWetPoor
7456195,Hottonia palustris,OpenWetPoor
7456196,Hottonia palustris,OpenWetPoor
7456197,Hottonia palustris,OpenWetPoor
7456198,Hottonia palustris,OpenWetPoor
7456199,Hottonia palustris,OpenWetPoor
7456200,Hottonia palustris,OpenWetPoor
7456201,Hottonia palustris,OpenWetPoor
7456202,Hottonia palustris,OpenWetPoor
7456203,Hottonia palustris,OpenWetPoor
7456204,Hottonia palustris,OpenWetPoor
7456205,Hottonia palustris,OpenWetPoor
7456206,Hottonia palustris,OpenWetPoor
7456207,Hottonia palustris,OpenWetPoor
7456208,Hottonia palustris,OpenWetPoor
7456209,Hottonia palustris,OpenWetPoor
7456210,Hottonia palustris,OpenWetPoor
7456211,Hottonia palustris,OpenWetPoor
7456212,Hottonia palustris,OpenWetPoor
7456213,Hottonia palustris,OpenWetPoor
7456214,Hottonia palustris,OpenWetPoor
7456215,Hottonia palustris,OpenWetPoor
7456216,Hottonia palustris,OpenWetPoor
7456217,Hottonia palustris,OpenWetPoor
7456218,Hottonia palustris,OpenWetPoor
7456219,Hottonia palustris,OpenWetPoor
7456220,Hottonia palustris,OpenWetPoor
7458865,Hottonia palustris,OpenWetPoor
7458866,Hottonia palustris,OpenWetPoor
7458867,Hottonia palustris,OpenWetPoor
7458868,Hottonia palustris,OpenWetPoor
7458869,Hottonia palustris,OpenWetPoor
7458870,Hottonia palustris,OpenWetPoor
7458871,Hottonia palustris,OpenWetPoor
7458872,Hottonia palustris,OpenWetPoor
7458873,Hottonia palustris,OpenWetPoor
7458874,Hottonia palustris,OpenWetPoor
7458875,Hottonia palustris,OpenWetPoor
7458876,Hottonia palustris,OpenWetPoor
7458877,Hottonia palustris,OpenWetPoor
7458878,Hottonia palustris,OpenWetPoor
7458879,Hottonia palustris,OpenWetPoor
7458880,Hottonia palustris,OpenWetPoor
7458881,Hottonia palustris,OpenWetPoor
7458882,Hottonia palustris,OpenWetPoor
7458883,Hottonia palustris,OpenWetPoor
7458884,Hottonia palustris,OpenWetPoor
7458885,Hottonia palustris,OpenWetPoor
7458886,Hottonia palustris,OpenWetPoor
7458887,Hottonia palustris,OpenWetPoor
7458888,Hottonia palustris,OpenWetPoor
7458889,Hottonia palustris,OpenWetPoor
7458890,Hottonia palustris,OpenWetPoor
7458891,Hottonia palustris,OpenWetPoor
7458892,Hottonia palustris,OpenWetPoor
7458893,Hottonia palustris,OpenWetPoor
7458894,Hottonia palustris,OpenWetPoor
7458895,Hottonia palustris,OpenWetPoor
7458896,Hottonia palustris,OpenWetPoor
7458897,Hottonia palustris,OpenWetPoor
7458898,Hottonia palustris,OpenWetPoor
7458899,Hottonia palustris,OpenWetPoor
7458900,Hottonia palustris,OpenWetPoor
7458901,Hottonia palustris,OpenWetPoor
7458902,Hottonia palustris,OpenWetPoor
7458903,Hottonia palustris,OpenWetPoor
7458904,Hottonia palustris,OpenWetPoor
7458905,Hottonia palustris,OpenWetPoor
7458906,Hottonia palustris,OpenWetPoor
7458907,Hottonia palustris,OpenWetPoor
7458908,Hottonia palustris,OpenWetPoor
7458909,Hottonia palustris,OpenWetPoor
7458910,Hottonia palustris,OpenWetPoor
7458911,Hottonia palustris,OpenWetPoor
7458912,Hottonia palustris,OpenWetPoor
7458913,Hottonia palustris,OpenWetPoor
7458914,Hottonia palustris,OpenWetPoor
7458915,Hottonia palustris,OpenWetPoor
7458916,Hottonia palustris,OpenWetPoor
7458917,Hottonia palustris,OpenWetPoor
7458918,Hottonia palustris,OpenWetPoor
7458919,Hottonia palustris,OpenWetPoor
7458920,Hottonia palustris,OpenWetPoor
7461565,Hottonia palustris,OpenWetPoor
7461566,Hottonia palustris,OpenWetPoor
7461567,Hottonia palustris,OpenWetPoor
7461568,Hottonia palustris,OpenWetPoor
7461569,Hottonia palustris,OpenWetPoor
7461570,Hottonia palustris,OpenWetPoor
7461571,Hottonia palustris,OpenWetPoor
7461572,Hottonia palustris,OpenWetPoor
7461573,Hottonia palustris,OpenWetPoor
7461574,Hottonia palustris,OpenWetPoor
7461575,Hottonia palustris,OpenWetPoor
7461576,Hottonia palustris,OpenWetPoor
7461577,Hottonia palustris,OpenWetPoor
7461578,Hottonia palustris,OpenWetPoor
7461579,Hottonia palustris,OpenWetPoor
7461580,Hottonia palustris,OpenWetPoor
7461581,Hottonia palustris,OpenWetPoor
7461582,Hottonia palustris,OpenWetPoor
7461583,Hottonia palustris,OpenWetPoor
7461584,Hottonia palustris,OpenWetPoor
7461585,Hottonia palustris,OpenWetPoor
7461586,Hottonia palustris,OpenWetPoor
7461587,Hottonia palustris,OpenWetPoor
7461588,Hottonia palustris,OpenWetPoor
7461589,Hottonia palustris,OpenWetPoor
7461590,Hottonia palustris,OpenWetPoor
7461591,Hottonia palustris,OpenWetPoor
7461592,Hottonia palustris,OpenWetPoor
7461593,Hottonia palustris,OpenWetPoor
7461594,Hottonia palustris,OpenWetPoor
7461595,Hottonia palustris,OpenWetPoor
7461596,Hottonia palustris,OpenWetPoor
7461597,Hottonia palustris,OpenWetPoor
7461598,Hottonia palustris,OpenWetPoor
7461599,Hottonia palustris,OpenWetPoor
7461600,Hottonia palustris,OpenWetPoor
7461601,Hottonia palustris,OpenWetPoor
7461602,Hottonia palustris,OpenWetPoor
7461603,Hottonia palustris,OpenWetPoor
7461604,Hottonia palustris,OpenWetPoor
7461605,Hottonia palustris,OpenWetPoor
7461606,Hottonia palustris,OpenWetPoor
7461607,Hottonia palustris,OpenWetPoor
7461608,Hottonia palustris,OpenWetPoor
7461609,Hottonia palustris,OpenWetPoor
7461610,Hottonia palustris,OpenWetPoor
7461611,Hottonia palustris,OpenWetPoor
7461612,Hottonia palustris,OpenWetPoor
7461613,Hottonia palustris,OpenWetPoor
7461614,Hottonia palustris,OpenWetPoor
7461615,Hottonia palustris,OpenWetPoor
7461616,Hottonia palustris,OpenWetPoor
7461617,Hottonia palustris,OpenWetPoor
7461618,Hottonia palustris,OpenWetPoor
7461619,Hottonia palustris,OpenWetPoor
7461620,Hottonia palustris,OpenWetPoor
7464265,Hottonia palustris,OpenWetPoor
7464266,Hottonia palustris,OpenWetPoor
7464267,Hottonia palustris,OpenWetPoor
7464268,Hottonia palustris,OpenWetPoor
7464269,Hottonia palustris,OpenWetPoor
7464270,Hottonia palustris,OpenWetPoor
7464271,Hottonia palustris,OpenWetPoor
7464272,Hottonia palustris,OpenWetPoor
7464273,Hottonia palustris,OpenWetPoor
7464274,Hottonia palustris,OpenWetPoor
7464275,Hottonia palustris,OpenWetPoor
7464276,Hottonia palustris,OpenWetPoor
7464277,Hottonia palustris,OpenWetPoor
7464278,Hottonia palustris,OpenWetPoor
7464279,Hottonia palustris,OpenWetPoor
7464280,Hottonia palustris,OpenWetPoor
7464281,Hottonia palustris,OpenWetPoor
7464282,Hottonia palustris,OpenWetPoor
7464283,Hottonia palustris,OpenWetPoor
7464284,Hottonia palustris,OpenWetPoor
7464285,Hottonia palustris,OpenWetPoor
7464286,Hottonia palustris,OpenWetPoor
7464287,Hottonia palustris,OpenWetPoor
7464288,Hottonia palustris,OpenWetPoor
7464289,Hottonia palustris,OpenWetPoor
7464290,Hottonia palustris,OpenWetPoor
7464291,Hottonia palustris,OpenWetPoor
7464292,Hottonia palustris,OpenWetPoor
7464293,Hottonia palustris,OpenWetPoor
7464294,Hottonia palustris,OpenWetPoor
7464295,Hottonia palustris,OpenWetPoor
7464296,Hottonia palustris,OpenWetPoor
7464297,Hottonia palustris,OpenWetPoor
7464298,Hottonia palustris,OpenWetPoor
7464299,Hottonia palustris,OpenWetPoor
7464300,Hottonia palustris,OpenWetPoor
7464301,Hottonia palustris,OpenWetPoor
7464302,Hottonia palustris,OpenWetPoor
7464303,Hottonia palustris,OpenWetPoor
7464304,Hottonia palustris,OpenWetPoor
7464305,Hottonia palustris,OpenWetPoor
7464306,Hottonia palustris,OpenWetPoor
7464307,Hottonia palustris,OpenWetPoor
7464308,Hottonia palustris,OpenWetPoor
7464309,Hottonia palustris,OpenWetPoor
7464310,Hottonia palustris,OpenWetPoor
7464311,Hottonia palustris,OpenWetPoor
7464312,Hottonia palustris,OpenWetPoor
7464313,Hottonia palustris,OpenWetPoor
7464314,Hottonia palustris,OpenWetPoor
7464315,Hottonia palustris,OpenWetPoor
7464316,Hottonia palustris,OpenWetPoor
7464317,Hottonia palustris,OpenWetPoor
7464318,Hottonia palustris,OpenWetPoor
7464319,Hottonia palustris,OpenWetPoor
7464320,Hottonia palustris,OpenWetPoor
7466965,Hottonia palustris,OpenWetPoor
7466966,Hottonia palustris,OpenWetPoor
7466967,Hottonia palustris,OpenWetPoor
7466968,Hottonia palustris,OpenWetPoor
7466969,Hottonia palustris,OpenWetPoor
7466970,Hottonia palustris,OpenWetPoor
7466971,Hottonia palustris,OpenWetPoor
7466972,Hottonia palustris,OpenWetPoor
7466973,Hottonia palustris,OpenWetPoor
7466974,Hottonia palustris,OpenWetPoor
7466975,Hottonia palustris,OpenWetPoor
7466976,Hottonia palustris,OpenWetPoor
7466977,Hottonia palustris,OpenWetPoor
7466978,Hottonia palustris,OpenWetPoor
7466979,Hottonia palustris,OpenWetPoor
7466980,Hottonia palustris,OpenWetPoor
7466981,Hottonia palustris,OpenWetPoor
7466982,Hottonia palustris,OpenWetPoor
7466983,Hottonia palustris,OpenWetPoor
7466984,Hottonia palustris,OpenWetPoor
7466985,Hottonia palustris,OpenWetPoor
7466986,Hottonia palustris,OpenWetPoor
7466987,Hottonia palustris,OpenWetPoor
7466988,Hottonia palustris,OpenWetPoor
7466989,Hottonia palustris,OpenWetPoor
7466990,Hottonia palustris,OpenWetPoor
7466991,Hottonia palustris,OpenWetPoor
7466992,Hottonia palustris,OpenWetPoor
7466993,Hottonia palustris,OpenWetPoor
7466994,Hottonia palustris,OpenWetPoor
7466995,Hottonia palustris,OpenWetPoor
7466996,Hottonia palustris,OpenWetPoor
7466997,Hottonia palustris,OpenWetPoor
7466998,Hottonia palustris,OpenWetPoor
7466999,Hottonia palustris,OpenWetPoor
7467000,Hottonia palustris,OpenWetPoor
7467001,Hottonia palustris,OpenWetPoor
7467002,Hottonia palustris,OpenWetPoor
7467003,Hottonia palustris,OpenWetPoor
7467004,Hottonia palustris,OpenWetPoor
7467005,Hottonia palustris,OpenWetPoor
7467006,Hottonia palustris,OpenWetPoor
7467007,Hottonia palustris,OpenWetPoor
7467008,Hottonia palustris,OpenWetPoor
7467009,Hottonia palustris,OpenWetPoor
7467010,Hottonia palustris,OpenWetPoor
7467011,Hottonia palustris,OpenWetPoor
7467012,Hottonia palustris,OpenWetPoor
7467013,Hottonia palustris,OpenWetPoor
7467014,Hottonia palustris,OpenWetPoor
7467015,Hottonia palustris,OpenWetPoor
7467016,Hottonia palustris,OpenWetPoor
7467017,Hottonia palustris,OpenWetPoor
7467018,Hottonia palustris,OpenWetPoor
7467019,Hottonia palustris,OpenWetPoor
7467020,Hottonia palustris,OpenWetPoor
7469665,Hottonia palustris,OpenWetPoor
7469666,Hottonia palustris,OpenWetPoor
7469667,Hottonia palustris,OpenWetPoor
7469668,Hottonia palustris,OpenWetPoor
7469669,Hottonia palustris,OpenWetPoor
7469670,Hottonia palustris,OpenWetPoor
7469671,Hottonia palustris,OpenWetPoor
7469672,Hottonia palustris,OpenWetPoor
7469673,Hottonia palustris,OpenWetPoor
7469674,Hottonia palustris,OpenWetPoor
7469675,Hottonia palustris,OpenWetPoor
7469676,Hottonia palustris,OpenWetPoor
7469677,Hottonia palustris,OpenWetPoor
7469678,Hottonia palustris,OpenWetPoor
7469679,Hottonia palustris,OpenWetPoor
7469680,Hottonia palustris,OpenWetPoor
7469681,Hottonia palustris,OpenWetPoor
7469682,Hottonia palustris,OpenWetPoor
7469683,Hottonia palustris,OpenWetPoor
7469684,Hottonia palustris,OpenWetPoor
7469685,Hottonia palustris,OpenWetPoor
7469686,Hottonia palustris,OpenWetPoor
7469687,Hottonia palustris,OpenWetPoor
7469688,Hottonia palustris,OpenWetPoor
7469689,Hottonia palustris,OpenWetPoor
7469690,Hottonia palustris,OpenWetPoor
7469691,Hottonia palustris,OpenWetPoor
7469692,Hottonia palustris,OpenWetPoor
7469693,Hottonia palustris,OpenWetPoor
7469694,Hottonia palustris,OpenWetPoor
7469695,Hottonia palustris,OpenWetPoor
7469696,Hottonia palustris,OpenWetPoor
7469697,Hottonia palustris,OpenWetPoor
7469698,Hottonia palustris,OpenWetPoor
7469699,Hottonia palustris,OpenWetPoor
7469700,Hottonia palustris,OpenWetPoor
7469701,Hottonia palustris,OpenWetPoor
7469702,Hottonia palustris,OpenWetPoor
7469703,Hottonia palustris,OpenWetPoor
7469704,Hottonia palustris,OpenWetPoor
7469705,Hottonia palustris,OpenWetPoor
7469706,Hottonia palustris,OpenWetPoor
7469707,Hottonia palustris,OpenWetPoor
7469708,Hottonia palustris,OpenWetPoor
7469709,Hottonia palustris,OpenWetPoor
7469710,Hottonia palustris,OpenWetPoor
7469711,Hottonia palustris,OpenWetPoor
7469712,Hottonia palustris,OpenWetPoor
7469713,Hottonia palustris,OpenWetPoor
7469714,Hottonia palustris,OpenWetPoor
7469715,Hottonia palustris,OpenWetPoor
7469716,Hottonia palustris,OpenWetPoor
7469717,Hottonia palustris,OpenWetPoor
7469718,Hottonia palustris,OpenWetPoor
7469719,Hottonia palustris,OpenWetPoor
7469720,Hottonia palustris,OpenWetPoor
7472364,Hottonia palustris,OpenWetPoor
7472365,Hottonia palustris,OpenWetPoor
7472366,Hottonia palustris,OpenWetPoor
7472367,Hottonia palustris,OpenWetPoor
7472368,Hottonia palustris,OpenWetPoor
7472369,Hottonia palustris,OpenWetPoor
7472370,Hottonia palustris,OpenWetPoor
7472371,Hottonia palustris,OpenWetPoor
7472372,Hottonia palustris,OpenWetPoor
7472373,Hottonia palustris,OpenWetPoor
7472374,Hottonia palustris,OpenWetPoor
7472375,Hottonia palustris,OpenWetPoor
7472376,Hottonia palustris,OpenWetPoor
7472377,Hottonia palustris,OpenWetPoor
7472378,Hottonia palustris,OpenWetPoor
7472379,Hottonia palustris,OpenWetPoor
7472380,Hottonia palustris,OpenWetPoor
7472381,Hottonia palustris,OpenWetPoor
7472382,Hottonia palustris,OpenWetPoor
7472383,Hottonia palustris,OpenWetPoor
7472384,Hottonia palustris,OpenWetPoor
7472385,Hottonia palustris,OpenWetPoor
7472386,Hottonia palustris,OpenWetPoor
7472387,Hottonia palustris,OpenWetPoor
7472388,Hottonia palustris,OpenWetPoor
7472389,Hottonia palustris,OpenWetPoor
7472390,Hottonia palustris,OpenWetPoor
7472391,Hottonia palustris,OpenWetPoor
7472392,Hottonia palustris,OpenWetPoor
7472393,Hottonia palustris,OpenWetPoor
7472394,Hottonia palustris,OpenWetPoor
7472395,Hottonia palustris,OpenWetPoor
7472396,Hottonia palustris,OpenWetPoor
7472397,Hottonia palustris,OpenWetPoor
7472398,Hottonia palustris,OpenWetPoor
7472399,Hottonia palustris,OpenWetPoor
7472400,Hottonia palustris,OpenWetPoor
7472401,Hottonia palustris,OpenWetPoor
7472402,Hottonia palustris,OpenWetPoor
7472403,Hottonia palustris,OpenWetPoor
7472404,Hottonia palustris,OpenWetPoor
7472405,Hottonia palustris,OpenWetPoor
7472406,Hottonia palustris,OpenWetPoor
7472407,Hottonia palustris,OpenWetPoor
7472408,Hottonia palustris,OpenWetPoor
7472409,Hottonia palustris,OpenWetPoor
7472410,Hottonia palustris,OpenWetPoor
7472411,Hottonia palustris,OpenWetPoor
7472412,Hottonia palustris,OpenWetPoor
7472413,Hottonia palustris,OpenWetPoor
7472414,Hottonia palustris,OpenWetPoor
7472415,Hottonia palustris,OpenWetPoor
7472416,Hottonia palustris,OpenWetPoor
7472417,Hottonia palustris,OpenWetPoor
7472418,Hottonia palustris,OpenWetPoor
7472419,Hottonia palustris,OpenWetPoor
7472420,Hottonia palustris,OpenWetPoor
7475064,Hottonia palustris,OpenWetPoor
7475065,Hottonia palustris,OpenWetPoor
7475066,Hottonia palustris,OpenWetPoor
7475067,Hottonia palustris,OpenWetPoor
7475068,Hottonia palustris,OpenWetPoor
7475069,Hottonia palustris,OpenWetPoor
7475070,Hottonia palustris,OpenWetPoor
7475071,Hottonia palustris,OpenWetPoor
7475072,Hottonia palustris,OpenWetPoor
7475073,Hottonia palustris,OpenWetPoor
7475074,Hottonia palustris,OpenWetPoor
7475075,Hottonia palustris,OpenWetPoor
7475076,Hottonia palustris,OpenWetPoor
7475077,Hottonia palustris,OpenWetPoor
7475078,Hottonia palustris,OpenWetPoor
7475079,Hottonia palustris,OpenWetPoor
7475080,Hottonia palustris,OpenWetPoor
7475081,Hottonia palustris,OpenWetPoor
7475082,Hottonia palustris,OpenWetPoor
7475083,Hottonia palustris,OpenWetPoor
7475084,Hottonia palustris,OpenWetPoor
7475085,Hottonia palustris,OpenWetPoor
7475086,Hottonia palustris,OpenWetPoor
7475087,Hottonia palustris,OpenWetPoor
7475088,Hottonia palustris,OpenWetPoor
7475089,Hottonia palustris,OpenWetPoor
7475090,Hottonia palustris,OpenWetPoor
7475091,Hottonia palustris,OpenWetPoor
7475092,Hottonia palustris,OpenWetPoor
7475093,Hottonia palustris,OpenWetPoor
7475094,Hottonia palustris,OpenWetPoor
7475095,Hottonia palustris,OpenWetPoor
7475096,Hottonia palustris,OpenWetPoor
7475097,Hottonia palustris,OpenWetPoor
7475098,Hottonia palustris,OpenWetPoor
7475099,Hottonia palustris,OpenWetPoor
7475100,Hottonia palustris,OpenWetPoor
7475101,Hottonia palustris,OpenWetPoor
7475102,Hottonia palustris,OpenWetPoor
7475103,Hottonia palustris,OpenWetPoor
7475104,Hottonia palustris,OpenWetPoor
7475105,Hottonia palustris,OpenWetPoor
7475106,Hottonia palustris,OpenWetPoor
7475107,Hottonia palustris,OpenWetPoor
7475108,Hottonia palustris,OpenWetPoor
7475109,Hottonia palustris,OpenWetPoor
7475110,Hottonia palustris,OpenWetPoor
7475111,Hottonia palustris,OpenWetPoor
7475112,Hottonia palustris,OpenWetPoor
7475113,Hottonia palustris,OpenWetPoor
7475114,Hottonia palustris,OpenWetPoor
7475115,Hottonia palustris,OpenWetPoor
7475116,Hottonia palustris,OpenWetPoor
7475117,Hottonia palustris,OpenWetPoor
7475118,Hottonia palustris,OpenWetPoor
7475119,Hottonia palustris,OpenWetPoor
7475120,Hottonia palustris,OpenWetPoor
7477764,Hottonia palustris,OpenWetPoor
7477765,Hottonia palustris,OpenWetPoor
7477766,Hottonia palustris,OpenWetPoor
7477767,Hottonia palustris,OpenWetPoor
7477768,Hottonia palustris,OpenWetPoor
7477769,Hottonia palustris,OpenWetPoor
7477770,Hottonia palustris,OpenWetPoor
7477771,Hottonia palustris,OpenWetPoor
7477772,Hottonia palustris,OpenWetPoor
7477773,Hottonia palustris,OpenWetPoor
7477774,Hottonia palustris,OpenWetPoor
7477775,Hottonia palustris,OpenWetPoor
7477776,Hottonia palustris,OpenWetPoor
7477777,Hottonia palustris,OpenWetPoor
7477778,Hottonia palustris,OpenWetPoor
7477779,Hottonia palustris,OpenWetPoor
7477780,Hottonia palustris,OpenWetPoor
7477781,Hottonia palustris,OpenWetPoor
7477782,Hottonia palustris,OpenWetPoor
7477783,Hottonia palustris,OpenWetPoor
7477784,Hottonia palustris,OpenWetPoor
7477785,Hottonia palustris,OpenWetPoor
7477786,Hottonia palustris,OpenWetPoor
7477787,Hottonia palustris,OpenWetPoor
7477788,Hottonia palustris,OpenWetPoor
7477789,Hottonia palustris,OpenWetPoor
7477790,Hottonia palustris,OpenWetPoor
7477791,Hottonia palustris,OpenWetPoor
7477792,Hottonia palustris,OpenWetPoor
7477793,Hottonia palustris,OpenWetPoor
7477794,Hottonia palustris,OpenWetPoor
7477795,Hottonia palustris,OpenWetPoor
7477796,Hottonia palustris,OpenWetPoor
7477797,Hottonia palustris,OpenWetPoor
7477798,Hottonia palustris,OpenWetPoor
7477799,Hottonia palustris,OpenWetPoor
7477800,Hottonia palustris,OpenWetPoor
7477801,Hottonia palustris,OpenWetPoor
7477802,Hottonia palustris,OpenWetPoor
7477803,Hottonia palustris,OpenWetPoor
7477804,Hottonia palustris,OpenWetPoor
7477805,Hottonia palustris,OpenWetPoor
7477806,Hottonia palustris,OpenWetPoor
7477807,Hottonia palustris,OpenWetPoor
7477808,Hottonia palustris,OpenWetPoor
7477809,Hottonia palustris,OpenWetPoor
7477810,Hottonia palustris,OpenWetPoor
7477811,Hottonia palustris,OpenWetPoor
7477812,Hottonia palustris,OpenWetPoor
7477813,Hottonia palustris,OpenWetPoor
7477814,Hottonia palustris,OpenWetPoor
7477815,Hottonia palustris,OpenWetPoor
7477816,Hottonia palustris,OpenWetPoor
7477817,Hottonia palustris,OpenWetPoor
7477818,Hottonia palustris,OpenWetPoor
7477819,Hottonia palustris,OpenWetPoor
7477820,Hottonia palustris,OpenWetPoor
7480464,Hottonia palustris,OpenWetPoor
7480465,Hottonia palustris,OpenWetPoor
7480466,Hottonia palustris,OpenWetPoor
7480467,Hottonia palustris,OpenWetPoor
7480468,Hottonia palustris,OpenWetPoor
7480469,Hottonia palustris,OpenWetPoor
7480470,Hottonia palustris,OpenWetPoor
7480471,Hottonia palustris,OpenWetPoor
7480472,Hottonia palustris,OpenWetPoor
7480473,Hottonia palustris,OpenWetPoor
7480474,Hottonia palustris,OpenWetPoor
7480475,Hottonia palustris,OpenWetPoor
7480476,Hottonia palustris,OpenWetPoor
7480477,Hottonia palustris,OpenWetPoor
7480478,Hottonia palustris,OpenWetPoor
7480479,Hottonia palustris,OpenWetPoor
7480480,Hottonia palustris,OpenWetPoor
7480481,Hottonia palustris,OpenWetPoor
7480482,Hottonia palustris,OpenWetPoor
7480483,Hottonia palustris,OpenWetPoor
7480484,Hottonia palustris,OpenWetPoor
7480485,Hottonia palustris,OpenWetPoor
7480486,Hottonia palustris,OpenWetPoor
7480487,Hottonia palustris,OpenWetPoor
7480488,Hottonia palustris,OpenWetPoor
7480489,Hottonia palustris,OpenWetPoor
7480490,Hottonia palustris,OpenWetPoor
7480491,Hottonia palustris,OpenWetPoor
7480492,Hottonia palustris,OpenWetPoor
7480493,Hottonia palustris,OpenWetPoor
7480494,Hottonia palustris,OpenWetPoor
7480495,Hottonia palustris,OpenWetPoor
7480496,Hottonia palustris,OpenWetPoor
7480497,Hottonia palustris,OpenWetPoor
7480498,Hottonia palustris,OpenWetPoor
7480499,Hottonia palustris,OpenWetPoor
7480500,Hottonia palustris,OpenWetPoor
7480501,Hottonia palustris,OpenWetPoor
7480502,Hottonia palustris,OpenWetPoor
7480503,Hottonia palustris,OpenWetPoor
7480504,Hottonia palustris,OpenWetPoor
7480505,Hottonia palustris,OpenWetPoor
7480506,Hottonia palustris,OpenWetPoor
7480507,Hottonia palustris,OpenWetPoor
7480508,Hottonia palustris,OpenWetPoor
7480509,Hottonia palustris,OpenWetPoor
7480510,Hottonia palustris,OpenWetPoor
7480511,Hottonia palustris,OpenWetPoor
7480512,Hottonia palustris,OpenWetPoor
7480513,Hottonia palustris,OpenWetPoor
7480514,Hottonia palustris,OpenWetPoor
7480515,Hottonia palustris,OpenWetPoor
7480516,Hottonia palustris,OpenWetPoor
7480517,Hottonia palustris,OpenWetPoor
7480518,Hottonia palustris,OpenWetPoor
7480519,Hottonia palustris,OpenWetPoor
7480520,Hottonia palustris,OpenWetPoor
7483164,Hottonia palustris,OpenWetPoor
7483165,Hottonia palustris,OpenWetPoor
7483166,Hottonia palustris,OpenWetPoor
7483167,Hottonia palustris,OpenWetPoor
7483168,Hottonia palustris,OpenWetPoor
7483169,Hottonia palustris,OpenWetPoor
7483170,Hottonia palustris,OpenWetPoor
7483171,Hottonia palustris,OpenWetPoor
7483172,Hottonia palustris,OpenWetPoor
7483173,Hottonia palustris,OpenWetPoor
7483174,Hottonia palustris,OpenWetPoor
7483175,Hottonia palustris,OpenWetPoor
7483176,Hottonia palustris,OpenWetPoor
7483177,Hottonia palustris,OpenWetPoor
7483178,Hottonia palustris,OpenWetPoor
7483179,Hottonia palustris,OpenWetPoor
7483180,Hottonia palustris,OpenWetPoor
7483181,Hottonia palustris,OpenWetPoor
7483182,Hottonia palustris,OpenWetPoor
7483183,Hottonia palustris,OpenWetPoor
7483184,Hottonia palustris,OpenWetPoor
7483185,Hottonia palustris,OpenWetPoor
7483186,Hottonia palustris,OpenWetPoor
7483187,Hottonia palustris,OpenWetPoor
7483188,Hottonia palustris,OpenWetPoor
7483189,Hottonia palustris,OpenWetPoor
7483190,Hottonia palustris,OpenWetPoor
7483191,Hottonia palustris,OpenWetPoor
7483192,Hottonia palustris,OpenWetPoor
7483193,Hottonia palustris,OpenWetPoor
7483194,Hottonia palustris,OpenWetPoor
7483195,Hottonia palustris,OpenWetPoor
7483196,Hottonia palustris,OpenWetPoor
7483197,Hottonia palustris,OpenWetPoor
7483198,Hottonia palustris,OpenWetPoor
7483199,Hottonia palustris,OpenWetPoor
7483200,Hottonia palustris,OpenWetPoor
7483201,Hottonia palustris,OpenWetPoor
7483202,Hottonia palustris,OpenWetPoor
7483203,Hottonia palustris,OpenWetPoor
7483204,Hottonia palustris,OpenWetPoor
7483205,Hottonia palustris,OpenWetPoor
7483206,Hottonia palustris,OpenWetPoor
7483207,Hottonia palustris,OpenWetPoor
7483208,Hottonia palustris,OpenWetPoor
7483209,Hottonia palustris,OpenWetPoor
7483210,Hottonia palustris,OpenWetPoor
7483211,Hottonia palustris,OpenWetPoor
7483212,Hottonia palustris,OpenWetPoor
7483213,Hottonia palustris,OpenWetPoor
7483214,Hottonia palustris,OpenWetPoor
7483215,Hottonia palustris,OpenWetPoor
7483216,Hottonia palustris,OpenWetPoor
7483217,Hottonia palustris,OpenWetPoor
7483218,Hottonia palustris,OpenWetPoor
7483219,Hottonia palustris,OpenWetPoor
7483220,Hottonia palustris,OpenWetPoor
7485864,Hottonia palustris,OpenWetPoor
7485865,Hottonia palustris,OpenWetPoor
7485866,Hottonia palustris,OpenWetPoor
7485867,Hottonia palustris,OpenWetPoor
7485868,Hottonia palustris,OpenWetPoor
7485869,Hottonia palustris,OpenWetPoor
7485870,Hottonia palustris,OpenWetPoor
7485871,Hottonia palustris,OpenWetPoor
7485872,Hottonia palustris,OpenWetPoor
7485873,Hottonia palustris,OpenWetPoor
7485874,Hottonia palustris,OpenWetPoor
7485875,Hottonia palustris,OpenWetPoor
7485876,Hottonia palustris,OpenWetPoor
7485877,Hottonia palustris,OpenWetPoor
7485878,Hottonia palustris,OpenWetPoor
7485879,Hottonia palustris,OpenWetPoor
7485880,Hottonia palustris,OpenWetPoor
7485881,Hottonia palustris,OpenWetPoor
7485882,Hottonia palustris,OpenWetPoor
7485883,Hottonia palustris,OpenWetPoor
7485884,Hottonia palustris,OpenWetPoor
7485885,Hottonia palustris,OpenWetPoor
7485886,Hottonia palustris,OpenWetPoor
7485887,Hottonia palustris,OpenWetPoor
7485888,Hottonia palustris,OpenWetPoor
7485889,Hottonia palustris,OpenWetPoor
7485890,Hottonia palustris,OpenWetPoor
7485891,Hottonia palustris,OpenWetPoor
7485892,Hottonia palustris,OpenWetPoor
7485893,Hottonia palustris,OpenWetPoor
7485894,Hottonia palustris,OpenWetPoor
7485895,Hottonia palustris,OpenWetPoor
7485896,Hottonia palustris,OpenWetPoor
7485897,Hottonia palustris,OpenWetPoor
7485898,Hottonia palustris,OpenWetPoor
7485899,Hottonia palustris,OpenWetPoor
7485900,Hottonia palustris,OpenWetPoor
7485901,Hottonia palustris,OpenWetPoor
7485902,Hottonia palustris,OpenWetPoor
7485903,Hottonia palustris,OpenWetPoor
7485904,Hottonia palustris,OpenWetPoor
7485905,Hottonia palustris,OpenWetPoor
7485906,Hottonia palustris,OpenWetPoor
7485907,Hottonia palustris,OpenWetPoor
7485908,Hottonia palustris,OpenWetPoor
7485909,Hottonia palustris,OpenWetPoor
7485910,Hottonia palustris,OpenWetPoor
7485911,Hottonia palustris,OpenWetPoor
7485912,Hottonia palustris,OpenWetPoor
7485913,Hottonia palustris,OpenWetPoor
7485914,Hottonia palustris,OpenWetPoor
7485915,Hottonia palustris,OpenWetPoor
7485916,Hottonia palustris,OpenWetPoor
7485917,Hottonia palustris,OpenWetPoor
7485918,Hottonia palustris,OpenWetPoor
7485919,Hottonia palustris,OpenWetPoor
7485920,Hottonia palustris,OpenWetPoor
7488564,Hottonia palustris,OpenWetPoor
7488565,Hottonia palustris,OpenWetPoor
7488566,Hottonia palustris,OpenWetPoor
7488567,Hottonia palustris,OpenWetPoor
7488568,Hottonia palustris,OpenWetPoor
7488569,Hottonia palustris,OpenWetPoor
7488570,Hottonia palustris,OpenWetPoor
7488571,Hottonia palustris,OpenWetPoor
7488572,Hottonia palustris,OpenWetPoor
7488573,Hottonia palustris,OpenWetPoor
7488574,Hottonia palustris,OpenWetPoor
7488575,Hottonia palustris,OpenWetPoor
7488576,Hottonia palustris,OpenWetPoor
7488577,Hottonia palustris,OpenWetPoor
7488578,Hottonia palustris,OpenWetPoor
7488579,Hottonia palustris,OpenWetPoor
7488580,Hottonia palustris,OpenWetPoor
7488581,Hottonia palustris,OpenWetPoor
7488582,Hottonia palustris,OpenWetPoor
7488583,Hottonia palustris,OpenWetPoor
7488584,Hottonia palustris,OpenWetPoor
7488585,Hottonia palustris,OpenWetPoor
7488586,Hottonia palustris,OpenWetPoor
7488587,Hottonia palustris,OpenWetPoor
7488588,Hottonia palustris,OpenWetPoor
7488589,Hottonia palustris,OpenWetPoor
7488590,Hottonia palustris,OpenWetPoor
7488591,Hottonia palustris,OpenWetPoor
7488592,Hottonia palustris,OpenWetPoor
7488593,Hottonia palustris,OpenWetPoor
7488594,Hottonia palustris,OpenWetPoor
7488595,Hottonia palustris,OpenWetPoor
7488596,Hottonia palustris,OpenWetPoor
7488597,Hottonia palustris,OpenWetPoor
7488598,Hottonia palustris,OpenWetPoor
7488599,Hottonia palustris,OpenWetPoor
7488600,Hottonia palustris,OpenWetPoor
7488601,Hottonia palustris,OpenWetPoor
7488602,Hottonia palustris,OpenWetPoor
7488603,Hottonia palustris,OpenWetPoor
7488604,Hottonia palustris,OpenWetPoor
7488605,Hottonia palustris,OpenWetPoor
7488606,Hottonia palustris,OpenWetPoor
7488607,Hottonia palustris,OpenWetPoor
7488608,Hottonia palustris,OpenWetPoor
7488609,Hottonia palustris,OpenWetPoor
7488610,Hottonia palustris,OpenWetPoor
7488611,Hottonia palustris,OpenWetPoor
7488612,Hottonia palustris,OpenWetPoor
7488613,Hottonia palustris,OpenWetPoor
7488614,Hottonia palustris,OpenWetPoor
7488615,Hottonia palustris,OpenWetPoor
7488616,Hottonia palustris,OpenWetPoor
7488617,Hottonia palustris,OpenWetPoor
7488618,Hottonia palustris,OpenWetPoor
7488619,Hottonia palustris,OpenWetPoor
7488620,Hottonia palustris,OpenWetPoor
7491264,Hottonia palustris,OpenWetPoor
7491265,Hottonia palustris,OpenWetPoor
7491266,Hottonia palustris,OpenWetPoor
7491267,Hottonia palustris,OpenWetPoor
7491268,Hottonia palustris,OpenWetPoor
7491269,Hottonia palustris,OpenWetPoor
7491270,Hottonia palustris,OpenWetPoor
7491271,Hottonia palustris,OpenWetPoor
7491272,Hottonia palustris,OpenWetPoor
7491273,Hottonia palustris,OpenWetPoor
7491274,Hottonia palustris,OpenWetPoor
7491275,Hottonia palustris,OpenWetPoor
7491276,Hottonia palustris,OpenWetPoor
7491277,Hottonia palustris,OpenWetPoor
7491278,Hottonia palustris,OpenWetPoor
7491279,Hottonia palustris,OpenWetPoor
7491280,Hottonia palustris,OpenWetPoor
7491281,Hottonia palustris,OpenWetPoor
7491282,Hottonia palustris,OpenWetPoor
7491283,Hottonia palustris,OpenWetPoor
7491284,Hottonia palustris,OpenWetPoor
7491285,Hottonia palustris,OpenWetPoor
7491286,Hottonia palustris,OpenWetPoor
7491287,Hottonia palustris,OpenWetPoor
7491288,Hottonia palustris,OpenWetPoor
7491289,Hottonia palustris,OpenWetPoor
7491290,Hottonia palustris,OpenWetPoor
7491291,Hottonia palustris,OpenWetPoor
7491292,Hottonia palustris,OpenWetPoor
7491293,Hottonia palustris,OpenWetPoor
7491294,Hottonia palustris,OpenWetPoor
7491295,Hottonia palustris,OpenWetPoor
7491296,Hottonia palustris,OpenWetPoor
7491297,Hottonia palustris,OpenWetPoor
7491298,Hottonia palustris,OpenWetPoor
7491299,Hottonia palustris,OpenWetPoor
7491300,Hottonia palustris,OpenWetPoor
7491301,Hottonia palustris,OpenWetPoor
7491302,Hottonia palustris,OpenWetPoor
7491303,Hottonia palustris,OpenWetPoor
7491304,Hottonia palustris,OpenWetPoor
7491305,Hottonia palustris,OpenWetPoor
7491306,Hottonia palustris,OpenWetPoor
7491307,Hottonia palustris,OpenWetPoor
7491308,Hottonia palustris,OpenWetPoor
7491309,Hottonia palustris,OpenWetPoor
7491310,Hottonia palustris,OpenWetPoor
7491311,Hottonia palustris,OpenWetPoor
7491312,Hottonia palustris,OpenWetPoor
7491313,Hottonia palustris,OpenWetPoor
7491314,Hottonia palustris,OpenWetPoor
7491315,Hottonia palustris,OpenWetPoor
7491316,Hottonia palustris,OpenWetPoor
7491317,Hottonia palustris,OpenWetPoor
7491318,Hottonia palustris,OpenWetPoor
7491319,Hottonia palustris,OpenWetPoor
7491320,Hottonia palustris,OpenWetPoor
7493964,Hottonia palustris,OpenWetPoor
7493965,Hottonia palustris,OpenWetPoor
7493966,Hottonia palustris,OpenWetPoor
7493967,Hottonia palustris,OpenWetPoor
7493968,Hottonia palustris,OpenWetPoor
7493969,Hottonia palustris,OpenWetPoor
7493970,Hottonia palustris,OpenWetPoor
7493971,Hottonia palustris,OpenWetPoor
7493972,Hottonia palustris,OpenWetPoor
7493973,Hottonia palustris,OpenWetPoor
7493974,Hottonia palustris,OpenWetPoor
7493975,Hottonia palustris,OpenWetPoor
7493976,Hottonia palustris,OpenWetPoor
7493977,Hottonia palustris,OpenWetPoor
7493978,Hottonia palustris,OpenWetPoor
7493979,Hottonia palustris,OpenWetPoor
7493980,Hottonia palustris,OpenWetPoor
7493981,Hottonia palustris,OpenWetPoor
7493982,Hottonia palustris,OpenWetPoor
7493983,Hottonia palustris,OpenWetPoor
7493984,Hottonia palustris,OpenWetPoor
7493985,Hottonia palustris,OpenWetPoor
7493986,Hottonia palustris,OpenWetPoor
7493987,Hottonia palustris,OpenWetPoor
7493988,Hottonia palustris,OpenWetPoor
7493989,Hottonia palustris,OpenWetPoor
7493990,Hottonia palustris,OpenWetPoor
7493991,Hottonia palustris,OpenWetPoor
7493992,Hottonia palustris,OpenWetPoor
7493993,Hottonia palustris,OpenWetPoor
7493994,Hottonia palustris,OpenWetPoor
7493995,Hottonia palustris,OpenWetPoor
7493996,Hottonia palustris,OpenWetPoor
7493997,Hottonia palustris,OpenWetPoor
7493998,Hottonia palustris,OpenWetPoor
7493999,Hottonia palustris,OpenWetPoor
7494000,Hottonia palustris,OpenWetPoor
7494001,Hottonia palustris,OpenWetPoor
7494002,Hottonia palustris,OpenWetPoor
7494003,Hottonia palustris,OpenWetPoor
7494004,Hottonia palustris,OpenWetPoor
7494005,Hottonia palustris,OpenWetPoor
7494006,Hottonia palustris,OpenWetPoor
7494007,Hottonia palustris,OpenWetPoor
7494008,Hottonia palustris,OpenWetPoor
7494009,Hottonia palustris,OpenWetPoor
7494010,Hottonia palustris,OpenWetPoor
7494011,Hottonia palustris,OpenWetPoor
7494012,Hottonia palustris,OpenWetPoor
7494013,Hottonia palustris,OpenWetPoor
7494014,Hottonia palustris,OpenWetPoor
7494015,Hottonia palustris,OpenWetPoor
7494016,Hottonia palustris,OpenWetPoor
7494017,Hottonia palustris,OpenWetPoor
7494018,Hottonia palustris,OpenWetPoor
7494019,Hottonia palustris,OpenWetPoor
7494020,Hottonia palustris,OpenWetPoor
7496664,Hottonia palustris,OpenWetPoor
7496665,Hottonia palustris,OpenWetPoor
7496666,Hottonia palustris,OpenWetPoor
7496667,Hottonia palustris,OpenWetPoor
7496668,Hottonia palustris,OpenWetPoor
7496669,Hottonia palustris,OpenWetPoor
7496670,Hottonia palustris,OpenWetPoor
7496671,Hottonia palustris,OpenWetPoor
7496672,Hottonia palustris,OpenWetPoor
7496673,Hottonia palustris,OpenWetPoor
7496674,Hottonia palustris,OpenWetPoor
7496675,Hottonia palustris,OpenWetPoor
7496676,Hottonia palustris,OpenWetPoor
7496677,Hottonia palustris,OpenWetPoor
7496678,Hottonia palustris,OpenWetPoor
7496679,Hottonia palustris,OpenWetPoor
7496680,Hottonia palustris,OpenWetPoor
7496681,Hottonia palustris,OpenWetPoor
7496682,Hottonia palustris,OpenWetPoor
7496683,Hottonia palustris,OpenWetPoor
7496684,Hottonia palustris,OpenWetPoor
7496685,Hottonia palustris,OpenWetPoor
7496686,Hottonia palustris,OpenWetPoor
7496687,Hottonia palustris,OpenWetPoor
7496688,Hottonia palustris,OpenWetPoor
7496689,Hottonia palustris,OpenWetPoor
7496690,Hottonia palustris,OpenWetPoor
7496691,Hottonia palustris,OpenWetPoor
7496692,Hottonia palustris,OpenWetPoor
7496693,Hottonia palustris,OpenWetPoor
7496694,Hottonia palustris,OpenWetPoor
7496695,Hottonia palustris,OpenWetPoor
7496696,Hottonia palustris,OpenWetPoor
7496697,Hottonia palustris,OpenWetPoor
7496698,Hottonia palustris,OpenWetPoor
7496699,Hottonia palustris,OpenWetPoor
7496700,Hottonia palustris,OpenWetPoor
7496701,Hottonia palustris,OpenWetPoor
7496702,Hottonia palustris,OpenWetPoor
7496703,Hottonia palustris,OpenWetPoor
7496704,Hottonia palustris,OpenWetPoor
7496705,Hottonia palustris,OpenWetPoor
7496706,Hottonia palustris,OpenWetPoor
7496707,Hottonia palustris,OpenWetPoor
7496708,Hottonia palustris,OpenWetPoor
7496709,Hottonia palustris,OpenWetPoor
7496710,Hottonia palustris,OpenWetPoor
7496711,Hottonia palustris,OpenWetPoor
7496712,Hottonia palustris,OpenWetPoor
7496713,Hottonia palustris,OpenWetPoor
7496714,Hottonia palustris,OpenWetPoor
7496715,Hottonia palustris,OpenWetPoor
7496716,Hottonia palustris,OpenWetPoor
7496717,Hottonia palustris,OpenWetPoor
7496718,Hottonia palustris,OpenWetPoor
7496719,Hottonia palustris,OpenWetPoor
7496720,Hottonia palustris,OpenWetPoor
7499364,Hottonia palustris,OpenWetPoor
7499365,Hottonia palustris,OpenWetPoor
7499366,Hottonia palustris,OpenWetPoor
7499367,Hottonia palustris,OpenWetPoor
7499368,Hottonia palustris,OpenWetPoor
7499369,Hottonia palustris,OpenWetPoor
7499370,Hottonia palustris,OpenWetPoor
7499371,Hottonia palustris,OpenWetPoor
7499372,Hottonia palustris,OpenWetPoor
7499373,Hottonia palustris,OpenWetPoor
7499374,Hottonia palustris,OpenWetPoor
7499375,Hottonia palustris,OpenWetPoor
7499376,Hottonia palustris,OpenWetPoor
7499377,Hottonia palustris,OpenWetPoor
7499378,Hottonia palustris,OpenWetPoor
7499379,Hottonia palustris,OpenWetPoor
7499380,Hottonia palustris,OpenWetPoor
7499381,Hottonia palustris,OpenWetPoor
7499382,Hottonia palustris,OpenWetPoor
7499383,Hottonia palustris,OpenWetPoor
7499384,Hottonia palustris,OpenWetPoor
7499385,Hottonia palustris,OpenWetPoor
7499386,Hottonia palustris,OpenWetPoor
7499387,Hottonia palustris,OpenWetPoor
7499388,Hottonia palustris,OpenWetPoor
7499389,Hottonia palustris,OpenWetPoor
7499390,Hottonia palustris,OpenWetPoor
7499391,Hottonia palustris,OpenWetPoor
7499392,Hottonia palustris,OpenWetPoor
7499393,Hottonia palustris,OpenWetPoor
7499394,Hottonia palustris,OpenWetPoor
7499395,Hottonia palustris,OpenWetPoor
7499396,Hottonia palustris,OpenWetPoor
7499397,Hottonia palustris,OpenWetPoor
7499398,Hottonia palustris,OpenWetPoor
7499399,Hottonia palustris,OpenWetPoor
7499400,Hottonia palustris,OpenWetPoor
7499401,Hottonia palustris,OpenWetPoor
7499402,Hottonia palustris,OpenWetPoor
7499403,Hottonia palustris,OpenWetPoor
7499404,Hottonia palustris,OpenWetPoor
7499405,Hottonia palustris,OpenWetPoor
7499406,Hottonia palustris,OpenWetPoor
7499407,Hottonia palustris,OpenWetPoor
7499408,Hottonia palustris,OpenWetPoor
7499409,Hottonia palustris,OpenWetPoor
7499410,Hottonia palustris,OpenWetPoor
7499411,Hottonia palustris,OpenWetPoor
7499412,Hottonia palustris,OpenWetPoor
7499413,Hottonia palustris,OpenWetPoor
7499414,Hottonia palustris,OpenWetPoor
7499415,Hottonia palustris,OpenWetPoor
7499416,Hottonia palustris,OpenWetPoor
7499417,Hottonia palustris,OpenWetPoor
7499418,Hottonia palustris,OpenWetPoor
7499419,Hottonia palustris,OpenWetPoor
7499420,Hottonia palustris,OpenWetPoor
7502064,Hottonia palustris,OpenWetPoor
7502065,Hottonia palustris,OpenWetPoor
7502066,Hottonia palustris,OpenWetPoor
7502067,Hottonia palustris,OpenWetPoor
7502068,Hottonia palustris,OpenWetPoor
7502069,Hottonia palustris,OpenWetPoor
7502070,Hottonia palustris,OpenWetPoor
7502071,Hottonia palustris,OpenWetPoor
7502072,Hottonia palustris,OpenWetPoor
7502073,Hottonia palustris,OpenWetPoor
7502074,Hottonia palustris,OpenWetPoor
7502075,Hottonia palustris,OpenWetPoor
7502076,Hottonia palustris,OpenWetPoor
7502077,Hottonia palustris,OpenWetPoor
7502078,Hottonia palustris,OpenWetPoor
7502079,Hottonia palustris,OpenWetPoor
7502080,Hottonia palustris,OpenWetPoor
7502081,Hottonia palustris,OpenWetPoor
7502082,Hottonia palustris,OpenWetPoor
7502083,Hottonia palustris,OpenWetPoor
7502084,Hottonia palustris,OpenWetPoor
7502085,Hottonia palustris,OpenWetPoor
7502086,Hottonia palustris,OpenWetPoor
7502087,Hottonia palustris,OpenWetPoor
7502088,Hottonia palustris,OpenWetPoor
7502089,Hottonia palustris,OpenWetPoor
7502090,Hottonia palustris,OpenWetPoor
7502091,Hottonia palustris,OpenWetPoor
7502092,Hottonia palustris,OpenWetPoor
7502093,Hottonia palustris,OpenWetPoor
7502094,Hottonia palustris,OpenWetPoor
7502095,Hottonia palustris,OpenWetPoor
7502096,Hottonia palustris,OpenWetPoor
7502097,Hottonia palustris,OpenWetPoor
7502098,Hottonia palustris,OpenWetPoor
7502099,Hottonia palustris,OpenWetPoor
7502100,Hottonia palustris,OpenWetPoor
7502101,Hottonia palustris,OpenWetPoor
7502102,Hottonia palustris,OpenWetPoor
7502103,Hottonia palustris,OpenWetPoor
7502104,Hottonia palustris,OpenWetPoor
7502105,Hottonia palustris,OpenWetPoor
7502106,Hottonia palustris,OpenWetPoor
7502107,Hottonia palustris,OpenWetPoor
7502108,Hottonia palustris,OpenWetPoor
7502109,Hottonia palustris,OpenWetPoor
7502110,Hottonia palustris,OpenWetPoor
7502111,Hottonia palustris,OpenWetPoor
7502112,Hottonia palustris,OpenWetPoor
7502113,Hottonia palustris,OpenWetPoor
7502114,Hottonia palustris,OpenWetPoor
7502115,Hottonia palustris,OpenWetPoor
7502116,Hottonia palustris,OpenWetPoor
7502117,Hottonia palustris,OpenWetPoor
7502118,Hottonia palustris,OpenWetPoor
7502119,Hottonia palustris,OpenWetPoor
7502120,Hottonia palustris,OpenWetPoor
7504765,Hottonia palustris,OpenWetPoor
7504766,Hottonia palustris,OpenWetPoor
7504767,Hottonia palustris,OpenWetPoor
7504768,Hottonia palustris,OpenWetPoor
7504769,Hottonia palustris,OpenWetPoor
7504770,Hottonia palustris,OpenWetPoor
7504771,Hottonia palustris,OpenWetPoor
7504772,Hottonia palustris,OpenWetPoor
7504773,Hottonia palustris,OpenWetPoor
7504774,Hottonia palustris,OpenWetPoor
7504775,Hottonia palustris,OpenWetPoor
7504776,Hottonia palustris,OpenWetPoor
7504777,Hottonia palustris,OpenWetPoor
7504778,Hottonia palustris,OpenWetPoor
7504779,Hottonia palustris,OpenWetPoor
7504780,Hottonia palustris,OpenWetPoor
7504781,Hottonia palustris,OpenWetPoor
7504782,Hottonia palustris,OpenWetPoor
7504783,Hottonia palustris,OpenWetPoor
7504784,Hottonia palustris,OpenWetPoor
7504785,Hottonia palustris,OpenWetPoor
7504786,Hottonia palustris,OpenWetPoor
7504787,Hottonia palustris,OpenWetPoor
7504788,Hottonia palustris,OpenWetPoor
7504789,Hottonia palustris,OpenWetPoor
7504790,Hottonia palustris,OpenWetPoor
7504791,Hottonia palustris,OpenWetPoor
7504792,Hottonia palustris,OpenWetPoor
7504793,Hottonia palustris,OpenWetPoor
7504794,Hottonia palustris,OpenWetPoor
7504795,Hottonia palustris,OpenWetPoor
7504796,Hottonia palustris,OpenWetPoor
7504797,Hottonia palustris,OpenWetPoor
7504798,Hottonia palustris,OpenWetPoor
7504799,Hottonia palustris,OpenWetPoor
7504800,Hottonia palustris,OpenWetPoor
7504801,Hottonia palustris,OpenWetPoor
7504802,Hottonia palustris,OpenWetPoor
7504803,Hottonia palustris,OpenWetPoor
7504804,Hottonia palustris,OpenWetPoor
7504805,Hottonia palustris,OpenWetPoor
7504806,Hottonia palustris,OpenWetPoor
7504807,Hottonia palustris,OpenWetPoor
7504808,Hottonia palustris,OpenWetPoor
7504809,Hottonia palustris,OpenWetPoor
7504810,Hottonia palustris,OpenWetPoor
7504811,Hottonia palustris,OpenWetPoor
7504812,Hottonia palustris,OpenWetPoor
7504813,Hottonia palustris,OpenWetPoor
7504814,Hottonia palustris,OpenWetPoor
7504815,Hottonia palustris,OpenWetPoor
7504816,Hottonia palustris,OpenWetPoor
7504817,Hottonia palustris,OpenWetPoor
7504818,Hottonia palustris,OpenWetPoor
7504819,Hottonia palustris,OpenWetPoor
7504820,Hottonia palustris,OpenWetPoor
7507465,Hottonia palustris,OpenWetPoor
7507466,Hottonia palustris,OpenWetPoor
7507467,Hottonia palustris,OpenWetPoor
7507468,Hottonia palustris,OpenWetPoor
7507469,Hottonia palustris,OpenWetPoor
7507470,Hottonia palustris,OpenWetPoor
7507471,Hottonia palustris,OpenWetPoor
7507472,Hottonia palustris,OpenWetPoor
7507473,Hottonia palustris,OpenWetPoor
7507474,Hottonia palustris,OpenWetPoor
7507475,Hottonia palustris,OpenWetPoor
7507476,Hottonia palustris,OpenWetPoor
7507477,Hottonia palustris,OpenWetPoor
7507478,Hottonia palustris,OpenWetPoor
7507479,Hottonia palustris,OpenWetPoor
7507480,Hottonia palustris,OpenWetPoor
7507481,Hottonia palustris,OpenWetPoor
7507482,Hottonia palustris,OpenWetPoor
7507483,Hottonia palustris,OpenWetPoor
7507484,Hottonia palustris,OpenWetPoor
7507485,Hottonia palustris,OpenWetPoor
7507486,Hottonia palustris,OpenWetPoor
7507487,Hottonia palustris,OpenWetPoor
7507488,Hottonia palustris,OpenWetPoor
7507489,Hottonia palustris,OpenWetPoor
7507490,Hottonia palustris,OpenWetPoor
7507491,Hottonia palustris,OpenWetPoor
7507492,Hottonia palustris,OpenWetPoor
7507493,Hottonia palustris,OpenWetPoor
7507494,Hottonia palustris,OpenWetPoor
7507495,Hottonia palustris,OpenWetPoor
7507496,Hottonia palustris,OpenWetPoor
7507497,Hottonia palustris,OpenWetPoor
7507498,Hottonia palustris,OpenWetPoor
7507499,Hottonia palustris,OpenWetPoor
7507500,Hottonia palustris,OpenWetPoor
7507501,Hottonia palustris,OpenWetPoor
7507502,Hottonia palustris,OpenWetPoor
7507503,Hottonia palustris,OpenWetPoor
7507504,Hottonia palustris,OpenWetPoor
7507505,Hottonia palustris,OpenWetPoor
7507506,Hottonia palustris,OpenWetPoor
7507507,Hottonia palustris,OpenWetPoor
7507508,Hottonia palustris,OpenWetPoor
7507509,Hottonia palustris,OpenWetPoor
7507510,Hottonia palustris,OpenWetPoor
7507511,Hottonia palustris,OpenWetPoor
7507512,Hottonia palustris,OpenWetPoor
7507513,Hottonia palustris,OpenWetPoor
7507514,Hottonia palustris,OpenWetPoor
7507515,Hottonia palustris,OpenWetPoor
7507516,Hottonia palustris,OpenWetPoor
7507517,Hottonia palustris,OpenWetPoor
7507518,Hottonia palustris,OpenWetPoor
7507519,Hottonia palustris,OpenWetPoor
7507520,Hottonia palustris,OpenWetPoor
7507521,Hottonia palustris,OpenWetPoor
7507522,Hottonia palustris,OpenWetPoor
7507523,Hottonia palustris,OpenWetPoor
7507524,Hottonia palustris,OpenWetPoor
7507525,Hottonia palustris,OpenWetPoor
7507526,Hottonia palustris,OpenWetPoor
7507527,Hottonia palustris,OpenWetPoor
7507528,Hottonia palustris,OpenWetPoor
7507529,Hottonia palustris,OpenWetPoor
7507530,Hottonia palustris,OpenWetPoor
7507531,Hottonia palustris,OpenWetPoor
7507532,Hottonia palustris,OpenWetPoor
7507533,Hottonia palustris,OpenWetPoor
7507534,Hottonia palustris,OpenWetPoor
7507535,Hottonia palustris,OpenWetPoor
7507536,Hottonia palustris,OpenWetPoor
7507537,Hottonia palustris,OpenWetPoor
7507538,Hottonia palustris,OpenWetPoor
7507539,Hottonia palustris,OpenWetPoor
7507540,Hottonia palustris,OpenWetPoor
7507541,Hottonia palustris,OpenWetPoor
7507542,Hottonia palustris,OpenWetPoor
7507543,Hottonia palustris,OpenWetPoor
7507544,Hottonia palustris,OpenWetPoor
7507545,Hottonia palustris,OpenWetPoor
7507546,Hottonia palustris,OpenWetPoor
7507547,Hottonia palustris,OpenWetPoor
7507548,Hottonia palustris,OpenWetPoor
7507549,Hottonia palustris,OpenWetPoor
7507550,Hottonia palustris,OpenWetPoor
7507551,Hottonia palustris,OpenWetPoor
7507552,Hottonia palustris,OpenWetPoor
7507553,Hottonia palustris,OpenWetPoor
7507554,Hottonia palustris,OpenWetPoor
7507555,Hottonia palustris,OpenWetPoor
7507556,Hottonia palustris,OpenWetPoor
7507557,Hottonia palustris,OpenWetPoor
7507558,Hottonia palustris,OpenWetPoor
7507559,Hottonia palustris,OpenWetPoor
7507560,Hottonia palustris,OpenWetPoor
7510165,Hottonia palustris,OpenWetPoor
7510166,Hottonia palustris,OpenWetPoor
7510167,Hottonia palustris,OpenWetPoor
7510168,Hottonia palustris,OpenWetPoor
7510169,Hottonia palustris,OpenWetPoor
7510170,Hottonia palustris,OpenWetPoor
7510171,Hottonia palustris,OpenWetPoor
7510172,Hottonia palustris,OpenWetPoor
7510173,Hottonia palustris,OpenWetPoor
7510174,Hottonia palustris,OpenWetPoor
7510175,Hottonia palustris,OpenWetPoor
7510176,Hottonia palustris,OpenWetPoor
7510177,Hottonia palustris,OpenWetPoor
7510178,Hottonia palustris,OpenWetPoor
7510179,Hottonia palustris,OpenWetPoor
7510180,Hottonia palustris,OpenWetPoor
7510181,Hottonia palustris,OpenWetPoor
7510182,Hottonia palustris,OpenWetPoor
7510183,Hottonia palustris,OpenWetPoor
7510184,Hottonia palustris,OpenWetPoor
7510185,Hottonia palustris,OpenWetPoor
7510186,Hottonia palustris,OpenWetPoor
7510187,Hottonia palustris,OpenWetPoor
7510188,Hottonia palustris,OpenWetPoor
7510189,Hottonia palustris,OpenWetPoor
7510190,Hottonia palustris,OpenWetPoor
7510191,Hottonia palustris,OpenWetPoor
7510192,Hottonia palustris,OpenWetPoor
7510193,Hottonia palustris,OpenWetPoor
7510194,Hottonia palustris,OpenWetPoor
7510195,Hottonia palustris,OpenWetPoor
7510196,Hottonia palustris,OpenWetPoor
7510197,Hottonia palustris,OpenWetPoor
7510198,Hottonia palustris,OpenWetPoor
7510199,Hottonia palustris,OpenWetPoor
7510200,Hottonia palustris,OpenWetPoor
7510201,Hottonia palustris,OpenWetPoor
7510202,Hottonia palustris,OpenWetPoor
7510203,Hottonia palustris,OpenWetPoor
7510204,Hottonia palustris,OpenWetPoor
7510205,Hottonia palustris,OpenWetPoor
7510206,Hottonia palustris,OpenWetPoor
7510207,Hottonia palustris,OpenWetPoor
7510208,Hottonia palustris,OpenWetPoor
7510209,Hottonia palustris,OpenWetPoor
7510210,Hottonia palustris,OpenWetPoor
7510211,Hottonia palustris,OpenWetPoor
7510212,Hottonia palustris,OpenWetPoor
7510213,Hottonia palustris,OpenWetPoor
7510214,Hottonia palustris,OpenWetPoor
7510215,Hottonia palustris,OpenWetPoor
7510216,Hottonia palustris,OpenWetPoor
7510217,Hottonia palustris,OpenWetPoor
7510218,Hottonia palustris,OpenWetPoor
7510219,Hottonia palustris,OpenWetPoor
7510220,Hottonia palustris,OpenWetPoor
7510221,Hottonia palustris,OpenWetPoor
7510222,Hottonia palustris,OpenWetPoor
7510223,Hottonia palustris,OpenWetPoor
7510224,Hottonia palustris,OpenWetPoor
7510225,Hottonia palustris,OpenWetPoor
7510226,Hottonia palustris,OpenWetPoor
7510227,Hottonia palustris,OpenWetPoor
7510228,Hottonia palustris,OpenWetPoor
7510229,Hottonia palustris,OpenWetPoor
7510230,Hottonia palustris,OpenWetPoor
7510231,Hottonia palustris,OpenWetPoor
7510232,Hottonia palustris,OpenWetPoor
7510233,Hottonia palustris,OpenWetPoor
7510234,Hottonia palustris,OpenWetPoor
7510235,Hottonia palustris,OpenWetPoor
7510236,Hottonia palustris,OpenWetPoor
7510237,Hottonia palustris,OpenWetPoor
7510238,Hottonia palustris,OpenWetPoor
7510239,Hottonia palustris,OpenWetPoor
7510240,Hottonia palustris,OpenWetPoor
7510241,Hottonia palustris,OpenWetPoor
7510242,Hottonia palustris,OpenWetPoor
7510243,Hottonia palustris,OpenWetPoor
7510244,Hottonia palustris,OpenWetPoor
7510245,Hottonia palustris,OpenWetPoor
7510246,Hottonia palustris,OpenWetPoor
7510247,Hottonia palustris,OpenWetPoor
7510248,Hottonia palustris,OpenWetPoor
7510249,Hottonia palustris,OpenWetPoor
7510250,Hottonia palustris,OpenWetPoor
7510251,Hottonia palustris,OpenWetPoor
7510252,Hottonia palustris,OpenWetPoor
7510253,Hottonia palustris,OpenWetPoor
7510254,Hottonia palustris,OpenWetPoor
7510255,Hottonia palustris,OpenWetPoor
7510256,Hottonia palustris,OpenWetPoor
7510257,Hottonia palustris,OpenWetPoor
7510258,Hottonia palustris,OpenWetPoor
7510259,Hottonia palustris,OpenWetPoor
7510260,Hottonia palustris,OpenWetPoor
7512865,Hottonia palustris,OpenWetPoor
7512866,Hottonia palustris,OpenWetPoor
7512867,Hottonia palustris,OpenWetPoor
7512868,Hottonia palustris,OpenWetPoor
7512869,Hottonia palustris,OpenWetPoor
7512870,Hottonia palustris,OpenWetPoor
7512871,Hottonia palustris,OpenWetPoor
7512872,Hottonia palustris,OpenWetPoor
7512873,Hottonia palustris,OpenWetPoor
7512874,Hottonia palustris,OpenWetPoor
7512875,Hottonia palustris,OpenWetPoor
7512876,Hottonia palustris,OpenWetPoor
7512877,Hottonia palustris,OpenWetPoor
7512878,Hottonia palustris,OpenWetPoor
7512879,Hottonia palustris,OpenWetPoor
7512880,Hottonia palustris,OpenWetPoor
7512881,Hottonia palustris,OpenWetPoor
7512882,Hottonia palustris,OpenWetPoor
7512883,Hottonia palustris,OpenWetPoor
7512884,Hottonia palustris,OpenWetPoor
7512885,Hottonia palustris,OpenWetPoor
7512886,Hottonia palustris,OpenWetPoor
7512887,Hottonia palustris,OpenWetPoor
7512888,Hottonia palustris,OpenWetPoor
7512889,Hottonia palustris,OpenWetPoor
7512890,Hottonia palustris,OpenWetPoor
7512891,Hottonia palustris,OpenWetPoor
7512892,Hottonia palustris,OpenWetPoor
7512893,Hottonia palustris,OpenWetPoor
7512894,Hottonia palustris,OpenWetPoor
7512895,Hottonia palustris,OpenWetPoor
7512896,Hottonia palustris,OpenWetPoor
7512897,Hottonia palustris,OpenWetPoor
7512898,Hottonia palustris,OpenWetPoor
7512899,Hottonia palustris,OpenWetPoor
7512900,Hottonia palustris,OpenWetPoor
7512901,Hottonia palustris,OpenWetPoor
7512902,Hottonia palustris,OpenWetPoor
7512903,Hottonia palustris,OpenWetPoor
7512904,Hottonia palustris,OpenWetPoor
7512905,Hottonia palustris,OpenWetPoor
7512906,Hottonia palustris,OpenWetPoor
7512907,Hottonia palustris,OpenWetPoor
7512908,Hottonia palustris,OpenWetPoor
7512909,Hottonia palustris,OpenWetPoor
7512910,Hottonia palustris,OpenWetPoor
7512911,Hottonia palustris,OpenWetPoor
7512912,Hottonia palustris,OpenWetPoor
7512913,Hottonia palustris,OpenWetPoor
7512914,Hottonia palustris,OpenWetPoor
7512915,Hottonia palustris,OpenWetPoor
7512916,Hottonia palustris,OpenWetPoor
7512917,Hottonia palustris,OpenWetPoor
7512918,Hottonia palustris,OpenWetPoor
7512919,Hottonia palustris,OpenWetPoor
7512920,Hottonia palustris,OpenWetPoor
7512921,Hottonia palustris,OpenWetPoor
7512922,Hottonia palustris,OpenWetPoor
7512923,Hottonia palustris,OpenWetPoor
7512924,Hottonia palustris,OpenWetPoor
7512925,Hottonia palustris,OpenWetPoor
7512926,Hottonia palustris,OpenWetPoor
7512927,Hottonia palustris,OpenWetPoor
7512928,Hottonia palustris,OpenWetPoor
7512929,Hottonia palustris,OpenWetPoor
7512930,Hottonia palustris,OpenWetPoor
7512931,Hottonia palustris,OpenWetPoor
7512932,Hottonia palustris,OpenWetPoor
7512933,Hottonia palustris,OpenWetPoor
7512934,Hottonia palustris,OpenWetPoor
7512935,Hottonia palustris,OpenWetPoor
7512936,Hottonia palustris,OpenWetPoor
7512937,Hottonia palustris,OpenWetPoor
7512938,Hottonia palustris,OpenWetPoor
7512939,Hottonia palustris,OpenWetPoor
7512940,Hottonia palustris,OpenWetPoor
7512941,Hottonia palustris,OpenWetPoor
7512942,Hottonia palustris,OpenWetPoor
7512943,Hottonia palustris,OpenWetPoor
7512944,Hottonia palustris,OpenWetPoor
7512945,Hottonia palustris,OpenWetPoor
7512946,Hottonia palustris,OpenWetPoor
7512947,Hottonia palustris,OpenWetPoor
7512948,Hottonia palustris,OpenWetPoor
7512949,Hottonia palustris,OpenWetPoor
7512950,Hottonia palustris,OpenWetPoor
7512951,Hottonia palustris,OpenWetPoor
7512952,Hottonia palustris,OpenWetPoor
7512953,Hottonia palustris,OpenWetPoor
7512954,Hottonia palustris,OpenWetPoor
7512955,Hottonia palustris,OpenWetPoor
7512956,Hottonia palustris,OpenWetPoor
7512957,Hottonia palustris,OpenWetPoor
7512958,Hottonia palustris,OpenWetPoor
7512959,Hottonia palustris,OpenWetPoor
7512960,Hottonia palustris,OpenWetPoor
7515565,Hottonia palustris,OpenWetPoor
7515566,Hottonia palustris,OpenWetPoor
7515567,Hottonia palustris,OpenWetPoor
7515568,Hottonia palustris,OpenWetPoor
7515569,Hottonia palustris,OpenWetPoor
7515570,Hottonia palustris,OpenWetPoor
7515571,Hottonia palustris,OpenWetPoor
7515572,Hottonia palustris,OpenWetPoor
7515573,Hottonia palustris,OpenWetPoor
7515574,Hottonia palustris,OpenWetPoor
7515575,Hottonia palustris,OpenWetPoor
7515576,Hottonia palustris,OpenWetPoor
7515577,Hottonia palustris,OpenWetPoor
7515578,Hottonia palustris,OpenWetPoor
7515579,Hottonia palustris,OpenWetPoor
7515580,Hottonia palustris,OpenWetPoor
7515581,Hottonia palustris,OpenWetPoor
7515582,Hottonia palustris,OpenWetPoor
7515583,Hottonia palustris,OpenWetPoor
7515584,Hottonia palustris,OpenWetPoor
7515585,Hottonia palustris,OpenWetPoor
7515586,Hottonia palustris,OpenWetPoor
7515587,Hottonia palustris,OpenWetPoor
7515588,Hottonia palustris,OpenWetPoor
7515589,Hottonia palustris,OpenWetPoor
7515590,Hottonia palustris,OpenWetPoor
7515591,Hottonia palustris,OpenWetPoor
7515592,Hottonia palustris,OpenWetPoor
7515593,Hottonia palustris,OpenWetPoor
7515594,Hottonia palustris,OpenWetPoor
7515595,Hottonia palustris,OpenWetPoor
7515596,Hottonia palustris,OpenWetPoor
7515597,Hottonia palustris,OpenWetPoor
7515598,Hottonia palustris,OpenWetPoor
7515599,Hottonia palustris,OpenWetPoor
7515600,Hottonia palustris,OpenWetPoor
7515601,Hottonia palustris,OpenWetPoor
7515602,Hottonia palustris,OpenWetPoor
7515603,Hottonia palustris,OpenWetPoor
7515604,Hottonia palustris,OpenWetPoor
7515605,Hottonia palustris,OpenWetPoor
7515606,Hottonia palustris,OpenWetPoor
7515607,Hottonia palustris,OpenWetPoor
7515608,Hottonia palustris,OpenWetPoor
7515609,Hottonia palustris,OpenWetPoor
7515610,Hottonia palustris,OpenWetPoor
7515611,Hottonia palustris,OpenWetPoor
7515612,Hottonia palustris,OpenWetPoor
7515613,Hottonia palustris,OpenWetPoor
7515614,Hottonia palustris,OpenWetPoor
7515615,Hottonia palustris,OpenWetPoor
7515616,Hottonia palustris,OpenWetPoor
7515617,Hottonia palustris,OpenWetPoor
7515618,Hottonia palustris,OpenWetPoor
7515619,Hottonia palustris,OpenWetPoor
7515620,Hottonia palustris,OpenWetPoor
7515621,Hottonia palustris,OpenWetPoor
7515622,Hottonia palustris,OpenWetPoor
7515623,Hottonia palustris,OpenWetPoor
7515624,Hottonia palustris,OpenWetPoor
7515625,Hottonia palustris,OpenWetPoor
7515626,Hottonia palustris,OpenWetPoor
7515627,Hottonia palustris,OpenWetPoor
7515628,Hottonia palustris,OpenWetPoor
7515629,Hottonia palustris,OpenWetPoor
7515630,Hottonia palustris,OpenWetPoor
7515631,Hottonia palustris,OpenWetPoor
7515632,Hottonia palustris,OpenWetPoor
7515633,Hottonia palustris,OpenWetPoor
7515634,Hottonia palustris,OpenWetPoor
7515635,Hottonia palustris,OpenWetPoor
7515636,Hottonia palustris,OpenWetPoor
7515637,Hottonia palustris,OpenWetPoor
7515638,Hottonia palustris,OpenWetPoor
7515639,Hottonia palustris,OpenWetPoor
7515640,Hottonia palustris,OpenWetPoor
7515641,Hottonia palustris,OpenWetPoor
7515642,Hottonia palustris,OpenWetPoor
7515643,Hottonia palustris,OpenWetPoor
7515644,Hottonia palustris,OpenWetPoor
7515645,Hottonia palustris,OpenWetPoor
7515646,Hottonia palustris,OpenWetPoor
7515647,Hottonia palustris,OpenWetPoor
7515648,Hottonia palustris,OpenWetPoor
7515649,Hottonia palustris,OpenWetPoor
7515650,Hottonia palustris,OpenWetPoor
7515651,Hottonia palustris,OpenWetPoor
7515652,Hottonia palustris,OpenWetPoor
7515653,Hottonia palustris,OpenWetPoor
7515654,Hottonia palustris,OpenWetPoor
7515655,Hottonia palustris,OpenWetPoor
7515656,Hottonia palustris,OpenWetPoor
7515657,Hottonia palustris,OpenWetPoor
7515658,Hottonia palustris,OpenWetPoor
7515659,Hottonia palustris,OpenWetPoor
7515660,Hottonia palustris,OpenWetPoor
7518266,Hottonia palustris,OpenWetPoor
7518267,Hottonia palustris,OpenWetPoor
7518268,Hottonia palustris,OpenWetPoor
7518269,Hottonia palustris,OpenWetPoor
7518270,Hottonia palustris,OpenWetPoor
7518271,Hottonia palustris,OpenWetPoor
7518272,Hottonia palustris,OpenWetPoor
7518273,Hottonia palustris,OpenWetPoor
7518274,Hottonia palustris,OpenWetPoor
7518275,Hottonia palustris,OpenWetPoor
7518276,Hottonia palustris,OpenWetPoor
7518277,Hottonia palustris,OpenWetPoor
7518278,Hottonia palustris,OpenWetPoor
7518279,Hottonia palustris,OpenWetPoor
7518280,Hottonia palustris,OpenWetPoor
7518281,Hottonia palustris,OpenWetPoor
7518282,Hottonia palustris,OpenWetPoor
7518283,Hottonia palustris,OpenWetPoor
7518284,Hottonia palustris,OpenWetPoor
7518285,Hottonia palustris,OpenWetPoor
7518286,Hottonia palustris,OpenWetPoor
7518287,Hottonia palustris,OpenWetPoor
7518288,Hottonia palustris,OpenWetPoor
7518289,Hottonia palustris,OpenWetPoor
7518290,Hottonia palustris,OpenWetPoor
7518291,Hottonia palustris,OpenWetPoor
7518292,Hottonia palustris,OpenWetPoor
7518293,Hottonia palustris,OpenWetPoor
7518294,Hottonia palustris,OpenWetPoor
7518295,Hottonia palustris,OpenWetPoor
7518296,Hottonia palustris,OpenWetPoor
7518297,Hottonia palustris,OpenWetPoor
7518298,Hottonia palustris,OpenWetPoor
7518299,Hottonia palustris,OpenWetPoor
7518300,Hottonia palustris,OpenWetPoor
7518301,Hottonia palustris,OpenWetPoor
7518302,Hottonia palustris,OpenWetPoor
7518303,Hottonia palustris,OpenWetPoor
7518304,Hottonia palustris,OpenWetPoor
7518305,Hottonia palustris,OpenWetPoor
7518306,Hottonia palustris,OpenWetPoor
7518307,Hottonia palustris,OpenWetPoor
7518308,Hottonia palustris,OpenWetPoor
7518309,Hottonia palustris,OpenWetPoor
7518310,Hottonia palustris,OpenWetPoor
7518311,Hottonia palustris,OpenWetPoor
7518312,Hottonia palustris,OpenWetPoor
7518313,Hottonia palustris,OpenWetPoor
7518314,Hottonia palustris,OpenWetPoor
7518315,Hottonia palustris,OpenWetPoor
7518316,Hottonia palustris,OpenWetPoor
7518317,Hottonia palustris,OpenWetPoor
7518318,Hottonia palustris,OpenWetPoor
7518319,Hottonia palustris,OpenWetPoor
7518320,Hottonia palustris,OpenWetPoor
7518321,Hottonia palustris,OpenWetPoor
7518322,Hottonia palustris,OpenWetPoor
7518323,Hottonia palustris,OpenWetPoor
7518324,Hottonia palustris,OpenWetPoor
7518325,Hottonia palustris,OpenWetPoor
7518326,Hottonia palustris,OpenWetPoor
7518327,Hottonia palustris,OpenWetPoor
7518328,Hottonia palustris,OpenWetPoor
7518329,Hottonia palustris,OpenWetPoor
7518330,Hottonia palustris,OpenWetPoor
7518331,Hottonia palustris,OpenWetPoor
7518332,Hottonia palustris,OpenWetPoor
7518333,Hottonia palustris,OpenWetPoor
7518334,Hottonia palustris,OpenWetPoor
7518335,Hottonia palustris,OpenWetPoor
7518336,Hottonia palustris,OpenWetPoor
7518337,Hottonia palustris,OpenWetPoor
7518338,Hottonia palustris,OpenWetPoor
7518339,Hottonia palustris,OpenWetPoor
7518340,Hottonia palustris,OpenWetPoor
7518341,Hottonia palustris,OpenWetPoor
7518342,Hottonia palustris,OpenWetPoor
7518343,Hottonia palustris,OpenWetPoor
7518344,Hottonia palustris,OpenWetPoor
7518345,Hottonia palustris,OpenWetPoor
7518346,Hottonia palustris,OpenWetPoor
7518347,Hottonia palustris,OpenWetPoor
7518348,Hottonia palustris,OpenWetPoor
7518349,Hottonia palustris,OpenWetPoor
7518350,Hottonia palustris,OpenWetPoor
7518351,Hottonia palustris,OpenWetPoor
7518352,Hottonia palustris,OpenWetPoor
7518353,Hottonia palustris,OpenWetPoor
7518354,Hottonia palustris,OpenWetPoor
7518355,Hottonia palustris,OpenWetPoor
7518356,Hottonia palustris,OpenWetPoor
7518357,Hottonia palustris,OpenWetPoor
7518358,Hottonia palustris,OpenWetPoor
7518359,Hottonia palustris,OpenWetPoor
7518360,Hottonia palustris,OpenWetPoor
7520966,Hottonia palustris,OpenWetPoor
7520967,Hottonia palustris,OpenWetPoor
7520968,Hottonia palustris,OpenWetPoor
7520969,Hottonia palustris,OpenWetPoor
7520970,Hottonia palustris,OpenWetPoor
7520971,Hottonia palustris,OpenWetPoor
7520972,Hottonia palustris,OpenWetPoor
7520973,Hottonia palustris,OpenWetPoor
7520974,Hottonia palustris,OpenWetPoor
7520975,Hottonia palustris,OpenWetPoor
7520976,Hottonia palustris,OpenWetPoor
7520977,Hottonia palustris,OpenWetPoor
7520978,Hottonia palustris,OpenWetPoor
7520979,Hottonia palustris,OpenWetPoor
7520980,Hottonia palustris,OpenWetPoor
7520981,Hottonia palustris,OpenWetPoor
7520982,Hottonia palustris,OpenWetPoor
7520983,Hottonia palustris,OpenWetPoor
7520984,Hottonia palustris,OpenWetPoor
7520985,Hottonia palustris,OpenWetPoor
7520986,Hottonia palustris,OpenWetPoor
7520987,Hottonia palustris,OpenWetPoor
7520988,Hottonia palustris,OpenWetPoor
7520989,Hottonia palustris,OpenWetPoor
7520990,Hottonia palustris,OpenWetPoor
7520991,Hottonia palustris,OpenWetPoor
7520992,Hottonia palustris,OpenWetPoor
7520993,Hottonia palustris,OpenWetPoor
7520994,Hottonia palustris,OpenWetPoor
7520995,Hottonia palustris,OpenWetPoor
7520996,Hottonia palustris,OpenWetPoor
7520997,Hottonia palustris,OpenWetPoor
7520998,Hottonia palustris,OpenWetPoor
7520999,Hottonia palustris,OpenWetPoor
7521000,Hottonia palustris,OpenWetPoor
7521001,Hottonia palustris,OpenWetPoor
7521002,Hottonia palustris,OpenWetPoor
7521003,Hottonia palustris,OpenWetPoor
7521004,Hottonia palustris,OpenWetPoor
7521005,Hottonia palustris,OpenWetPoor
7521006,Hottonia palustris,OpenWetPoor
7521007,Hottonia palustris,OpenWetPoor
7521008,Hottonia palustris,OpenWetPoor
7521009,Hottonia palustris,OpenWetPoor
7521010,Hottonia palustris,OpenWetPoor
7521011,Hottonia palustris,OpenWetPoor
7521012,Hottonia palustris,OpenWetPoor
7521013,Hottonia palustris,OpenWetPoor
7521014,Hottonia palustris,OpenWetPoor
7521015,Hottonia palustris,OpenWetPoor
7521016,Hottonia palustris,OpenWetPoor
7521017,Hottonia palustris,OpenWetPoor
7521018,Hottonia palustris,OpenWetPoor
7521019,Hottonia palustris,OpenWetPoor
7521020,Hottonia palustris,OpenWetPoor
7521021,Hottonia palustris,OpenWetPoor
7521022,Hottonia palustris,OpenWetPoor
7521023,Hottonia palustris,OpenWetPoor
7521024,Hottonia palustris,OpenWetPoor
7521025,Hottonia palustris,OpenWetPoor
7521026,Hottonia palustris,OpenWetPoor
7521027,Hottonia palustris,OpenWetPoor
7521028,Hottonia palustris,OpenWetPoor
7521029,Hottonia palustris,OpenWetPoor
7521030,Hottonia palustris,OpenWetPoor
7521031,Hottonia palustris,OpenWetPoor
7521032,Hottonia palustris,OpenWetPoor
7521033,Hottonia palustris,OpenWetPoor
7521034,Hottonia palustris,OpenWetPoor
7521035,Hottonia palustris,OpenWetPoor
7521036,Hottonia palustris,OpenWetPoor
7521037,Hottonia palustris,OpenWetPoor
7521038,Hottonia palustris,OpenWetPoor
7521039,Hottonia palustris,OpenWetPoor
7521040,Hottonia palustris,OpenWetPoor
7521041,Hottonia palustris,OpenWetPoor
7521042,Hottonia palustris,OpenWetPoor
7521043,Hottonia palustris,OpenWetPoor
7521044,Hottonia palustris,OpenWetPoor
7521045,Hottonia palustris,OpenWetPoor
7521046,Hottonia palustris,OpenWetPoor
7521047,Hottonia palustris,OpenWetPoor
7521048,Hottonia palustris,OpenWetPoor
7521049,Hottonia palustris,OpenWetPoor
7521050,Hottonia palustris,OpenWetPoor
7521051,Hottonia palustris,OpenWetPoor
7521052,Hottonia palustris,OpenWetPoor
7521053,Hottonia palustris,OpenWetPoor
7521054,Hottonia palustris,OpenWetPoor
7521055,Hottonia palustris,OpenWetPoor
7521056,Hottonia palustris,OpenWetPoor
7521057,Hottonia palustris,OpenWetPoor
7521058,Hottonia palustris,OpenWetPoor
7521059,Hottonia palustris,OpenWetPoor
7521060,Hottonia palustris,OpenWetPoor
7523666,Hottonia palustris,OpenWetPoor
7523667,Hottonia palustris,OpenWetPoor
7523668,Hottonia palustris,OpenWetPoor
7523669,Hottonia palustris,OpenWetPoor
7523670,Hottonia palustris,OpenWetPoor
7523671,Hottonia palustris,OpenWetPoor
7523672,Hottonia palustris,OpenWetPoor
7523673,Hottonia palustris,OpenWetPoor
7523674,Hottonia palustris,OpenWetPoor
7523675,Hottonia palustris,OpenWetPoor
7523676,Hottonia palustris,OpenWetPoor
7523677,Hottonia palustris,OpenWetPoor
7523678,Hottonia palustris,OpenWetPoor
7523679,Hottonia palustris,OpenWetPoor
7523680,Hottonia palustris,OpenWetPoor
7523681,Hottonia palustris,OpenWetPoor
7523682,Hottonia palustris,OpenWetPoor
7523683,Hottonia palustris,OpenWetPoor
7523684,Hottonia palustris,OpenWetPoor
7523685,Hottonia palustris,OpenWetPoor
7523686,Hottonia palustris,OpenWetPoor
7523687,Hottonia palustris,OpenWetPoor
7523688,Hottonia palustris,OpenWetPoor
7523689,Hottonia palustris,OpenWetPoor
7523690,Hottonia palustris,OpenWetPoor
7523691,Hottonia palustris,OpenWetPoor
7523692,Hottonia palustris,OpenWetPoor
7523693,Hottonia palustris,OpenWetPoor
7523694,Hottonia palustris,OpenWetPoor
7523695,Hottonia palustris,OpenWetPoor
7523696,Hottonia palustris,OpenWetPoor
7523697,Hottonia palustris,OpenWetPoor
7523698,Hottonia palustris,OpenWetPoor
7523699,Hottonia palustris,OpenWetPoor
7523700,Hottonia palustris,OpenWetPoor
7523701,Hottonia palustris,OpenWetPoor
7523702,Hottonia palustris,OpenWetPoor
7523703,Hottonia palustris,OpenWetPoor
7523704,Hottonia palustris,OpenWetPoor
7523705,Hottonia palustris,OpenWetPoor
7523706,Hottonia palustris,OpenWetPoor
7523707,Hottonia palustris,OpenWetPoor
7523708,Hottonia palustris,OpenWetPoor
7523709,Hottonia palustris,OpenWetPoor
7523710,Hottonia palustris,OpenWetPoor
7523711,Hottonia palustris,OpenWetPoor
7523712,Hottonia palustris,OpenWetPoor
7523713,Hottonia palustris,OpenWetPoor
7523714,Hottonia palustris,OpenWetPoor
7523715,Hottonia palustris,OpenWetPoor
7523716,Hottonia palustris,OpenWetPoor
7523717,Hottonia palustris,OpenWetPoor
7523718,Hottonia palustris,OpenWetPoor
7523719,Hottonia palustris,OpenWetPoor
7523720,Hottonia palustris,OpenWetPoor
7523721,Hottonia palustris,OpenWetPoor
7523722,Hottonia palustris,OpenWetPoor
7523723,Hottonia palustris,OpenWetPoor
7523724,Hottonia palustris,OpenWetPoor
7523725,Hottonia palustris,OpenWetPoor
7523726,Hottonia palustris,OpenWetPoor
7523727,Hottonia palustris,OpenWetPoor
7523728,Hottonia palustris,OpenWetPoor
7523729,Hottonia palustris,OpenWetPoor
7523730,Hottonia palustris,OpenWetPoor
7523731,Hottonia palustris,OpenWetPoor
7523732,Hottonia palustris,OpenWetPoor
7523733,Hottonia palustris,OpenWetPoor
7523734,Hottonia palustris,OpenWetPoor
7523735,Hottonia palustris,OpenWetPoor
7523736,Hottonia palustris,OpenWetPoor
7523737,Hottonia palustris,OpenWetPoor
7523738,Hottonia palustris,OpenWetPoor
7523739,Hottonia palustris,OpenWetPoor
7523740,Hottonia palustris,OpenWetPoor
7523741,Hottonia palustris,OpenWetPoor
7523742,Hottonia palustris,OpenWetPoor
7523743,Hottonia palustris,OpenWetPoor
7523744,Hottonia palustris,OpenWetPoor
7523745,Hottonia palustris,OpenWetPoor
7523746,Hottonia palustris,OpenWetPoor
7523747,Hottonia palustris,OpenWetPoor
7523748,Hottonia palustris,OpenWetPoor
7523749,Hottonia palustris,OpenWetPoor
7523750,Hottonia palustris,OpenWetPoor
7523751,Hottonia palustris,OpenWetPoor
7523752,Hottonia palustris,OpenWetPoor
7523753,Hottonia palustris,OpenWetPoor
7523754,Hottonia palustris,OpenWetPoor
7523755,Hottonia palustris,OpenWetPoor
7523756,Hottonia palustris,OpenWetPoor
7523757,Hottonia palustris,OpenWetPoor
7523758,Hottonia palustris,OpenWetPoor
7523759,Hottonia palustris,OpenWetPoor
7523760,Hottonia palustris,OpenWetPoor
7526366,Hottonia palustris,OpenWetPoor
7526367,Hottonia palustris,OpenWetPoor
7526368,Hottonia palustris,OpenWetPoor
7526369,Hottonia palustris,OpenWetPoor
7526370,Hottonia palustris,OpenWetPoor
7526371,Hottonia palustris,OpenWetPoor
7526372,Hottonia palustris,OpenWetPoor
7526373,Hottonia palustris,OpenWetPoor
7526374,Hottonia palustris,OpenWetPoor
7526375,Hottonia palustris,OpenWetPoor
7526376,Hottonia palustris,OpenWetPoor
7526377,Hottonia palustris,OpenWetPoor
7526378,Hottonia palustris,OpenWetPoor
7526379,Hottonia palustris,OpenWetPoor
7526380,Hottonia palustris,OpenWetPoor
7526381,Hottonia palustris,OpenWetPoor
7526382,Hottonia palustris,OpenWetPoor
7526383,Hottonia palustris,OpenWetPoor
7526384,Hottonia palustris,OpenWetPoor
7526385,Hottonia palustris,OpenWetPoor
7526386,Hottonia palustris,OpenWetPoor
7526387,Hottonia palustris,OpenWetPoor
7526388,Hottonia palustris,OpenWetPoor
7526389,Hottonia palustris,OpenWetPoor
7526390,Hottonia palustris,OpenWetPoor
7526391,Hottonia palustris,OpenWetPoor
7526392,Hottonia palustris,OpenWetPoor
7526393,Hottonia palustris,OpenWetPoor
7526394,Hottonia palustris,OpenWetPoor
7526395,Hottonia palustris,OpenWetPoor
7526396,Hottonia palustris,OpenWetPoor
7526397,Hottonia palustris,OpenWetPoor
7526398,Hottonia palustris,OpenWetPoor
7526399,Hottonia palustris,OpenWetPoor
7526400,Hottonia palustris,OpenWetPoor
7526401,Hottonia palustris,OpenWetPoor
7526402,Hottonia palustris,OpenWetPoor
7526403,Hottonia palustris,OpenWetPoor
7526404,Hottonia palustris,OpenWetPoor
7526405,Hottonia palustris,OpenWetPoor
7526406,Hottonia palustris,OpenWetPoor
7526407,Hottonia palustris,OpenWetPoor
7526408,Hottonia palustris,OpenWetPoor
7526409,Hottonia palustris,OpenWetPoor
7526410,Hottonia palustris,OpenWetPoor
7526411,Hottonia palustris,OpenWetPoor
7526412,Hottonia palustris,OpenWetPoor
7526413,Hottonia palustris,OpenWetPoor
7526414,Hottonia palustris,OpenWetPoor
7526415,Hottonia palustris,OpenWetPoor
7526416,Hottonia palustris,OpenWetPoor
7526417,Hottonia palustris,OpenWetPoor
7526418,Hottonia palustris,OpenWetPoor
7526419,Hottonia palustris,OpenWetPoor
7526420,Hottonia palustris,OpenWetPoor
7526421,Hottonia palustris,OpenWetPoor
7526422,Hottonia palustris,OpenWetPoor
7526423,Hottonia palustris,OpenWetPoor
7526424,Hottonia palustris,OpenWetPoor
7526425,Hottonia palustris,OpenWetPoor
7526426,Hottonia palustris,OpenWetPoor
7526427,Hottonia palustris,OpenWetPoor
7526428,Hottonia palustris,OpenWetPoor
7526429,Hottonia palustris,OpenWetPoor
7526430,Hottonia palustris,OpenWetPoor
7526431,Hottonia palustris,OpenWetPoor
7526432,Hottonia palustris,OpenWetPoor
7526433,Hottonia palustris,OpenWetPoor
7526434,Hottonia palustris,OpenWetPoor
7526435,Hottonia palustris,OpenWetPoor
7526436,Hottonia palustris,OpenWetPoor
7526437,Hottonia palustris,OpenWetPoor
7526438,Hottonia palustris,OpenWetPoor
7526439,Hottonia palustris,OpenWetPoor
7526440,Hottonia palustris,OpenWetPoor
7526441,Hottonia palustris,OpenWetPoor
7526442,Hottonia palustris,OpenWetPoor
7526443,Hottonia palustris,OpenWetPoor
7526444,Hottonia palustris,OpenWetPoor
7526445,Hottonia palustris,OpenWetPoor
7526446,Hottonia palustris,OpenWetPoor
7526447,Hottonia palustris,OpenWetPoor
7526448,Hottonia palustris,OpenWetPoor
7526449,Hottonia palustris,OpenWetPoor
7526450,Hottonia palustris,OpenWetPoor
7526451,Hottonia palustris,OpenWetPoor
7526452,Hottonia palustris,OpenWetPoor
7526453,Hottonia palustris,OpenWetPoor
7526454,Hottonia palustris,OpenWetPoor
7526455,Hottonia palustris,OpenWetPoor
7526456,Hottonia palustris,OpenWetPoor
7526457,Hottonia palustris,OpenWetPoor
7526458,Hottonia palustris,OpenWetPoor
7526459,Hottonia palustris,OpenWetPoor
7526460,Hottonia palustris,OpenWetPoor
7529067,Hottonia palustris,OpenWetPoor
7529068,Hottonia palustris,OpenWetPoor
7529069,Hottonia palustris,OpenWetPoor
7529070,Hottonia palustris,OpenWetPoor
7529071,Hottonia palustris,OpenWetPoor
7529072,Hottonia palustris,OpenWetPoor
7529073,Hottonia palustris,OpenWetPoor
7529074,Hottonia palustris,OpenWetPoor
7529075,Hottonia palustris,OpenWetPoor
7529076,Hottonia palustris,OpenWetPoor
7529077,Hottonia palustris,OpenWetPoor
7529078,Hottonia palustris,OpenWetPoor
7529079,Hottonia palustris,OpenWetPoor
7529080,Hottonia palustris,OpenWetPoor
7529081,Hottonia palustris,OpenWetPoor
7529082,Hottonia palustris,OpenWetPoor
7529083,Hottonia palustris,OpenWetPoor
7529084,Hottonia palustris,OpenWetPoor
7529085,Hottonia palustris,OpenWetPoor
7529086,Hottonia palustris,OpenWetPoor
7529087,Hottonia palustris,OpenWetPoor
7529088,Hottonia palustris,OpenWetPoor
7529089,Hottonia palustris,OpenWetPoor
7529090,Hottonia palustris,OpenWetPoor
7529091,Hottonia palustris,OpenWetPoor
7529092,Hottonia palustris,OpenWetPoor
7529093,Hottonia palustris,OpenWetPoor
7529094,Hottonia palustris,OpenWetPoor
7529095,Hottonia palustris,OpenWetPoor
7529096,Hottonia palustris,OpenWetPoor
7529097,Hottonia palustris,OpenWetPoor
7529098,Hottonia palustris,OpenWetPoor
7529099,Hottonia palustris,OpenWetPoor
7529100,Hottonia palustris,OpenWetPoor
7529101,Hottonia palustris,OpenWetPoor
7529102,Hottonia palustris,OpenWetPoor
7529103,Hottonia palustris,OpenWetPoor
7529104,Hottonia palustris,OpenWetPoor
7529105,Hottonia palustris,OpenWetPoor
7529106,Hottonia palustris,OpenWetPoor
7529107,Hottonia palustris,OpenWetPoor
7529108,Hottonia palustris,OpenWetPoor
7529109,Hottonia palustris,OpenWetPoor
7529110,Hottonia palustris,OpenWetPoor
7529111,Hottonia palustris,OpenWetPoor
7529112,Hottonia palustris,OpenWetPoor
7529113,Hottonia palustris,OpenWetPoor
7529114,Hottonia palustris,OpenWetPoor
7529115,Hottonia palustris,OpenWetPoor
7529116,Hottonia palustris,OpenWetPoor
7529117,Hottonia palustris,OpenWetPoor
7529118,Hottonia palustris,OpenWetPoor
7529119,Hottonia palustris,OpenWetPoor
7529120,Hottonia palustris,OpenWetPoor
7529121,Hottonia palustris,OpenWetPoor
7529122,Hottonia palustris,OpenWetPoor
7529123,Hottonia palustris,OpenWetPoor
7529124,Hottonia palustris,OpenWetPoor
7529125,Hottonia palustris,OpenWetPoor
7529126,Hottonia palustris,OpenWetPoor
7529127,Hottonia palustris,OpenWetPoor
7529128,Hottonia palustris,OpenWetPoor
7529129,Hottonia palustris,OpenWetPoor
7529130,Hottonia palustris,OpenWetPoor
7529131,Hottonia palustris,OpenWetPoor
7529132,Hottonia palustris,OpenWetPoor
7529133,Hottonia palustris,OpenWetPoor
7529134,Hottonia palustris,OpenWetPoor
7529135,Hottonia palustris,OpenWetPoor
7529136,Hottonia palustris,OpenWetPoor
7529137,Hottonia palustris,OpenWetPoor
7529138,Hottonia palustris,OpenWetPoor
7529139,Hottonia palustris,OpenWetPoor
7529140,Hottonia palustris,OpenWetPoor
7529141,Hottonia palustris,OpenWetPoor
7529142,Hottonia palustris,OpenWetPoor
7529143,Hottonia palustris,OpenWetPoor
7529144,Hottonia palustris,OpenWetPoor
7529145,Hottonia palustris,OpenWetPoor
7529146,Hottonia palustris,OpenWetPoor
7529147,Hottonia palustris,OpenWetPoor
7529148,Hottonia palustris,OpenWetPoor
7529149,Hottonia palustris,OpenWetPoor
7529150,Hottonia palustris,OpenWetPoor
7529151,Hottonia palustris,OpenWetPoor
7529152,Hottonia palustris,OpenWetPoor
7529153,Hottonia palustris,OpenWetPoor
7529154,Hottonia palustris,OpenWetPoor
7529155,Hottonia palustris,OpenWetPoor
7529156,Hottonia palustris,OpenWetPoor
7529157,Hottonia palustris,OpenWetPoor
7529158,Hottonia palustris,OpenWetPoor
7529159,Hottonia palustris,OpenWetPoor
7529160,Hottonia palustris,OpenWetPoor
7531767,Hottonia palustris,OpenWetPoor
7531768,Hottonia palustris,OpenWetPoor
7531769,Hottonia palustris,OpenWetPoor
7531770,Hottonia palustris,OpenWetPoor
7531771,Hottonia palustris,OpenWetPoor
7531772,Hottonia palustris,OpenWetPoor
7531773,Hottonia palustris,OpenWetPoor
7531774,Hottonia palustris,OpenWetPoor
7531775,Hottonia palustris,OpenWetPoor
7531776,Hottonia palustris,OpenWetPoor
7531777,Hottonia palustris,OpenWetPoor
7531778,Hottonia palustris,OpenWetPoor
7531779,Hottonia palustris,OpenWetPoor
7531780,Hottonia palustris,OpenWetPoor
7531781,Hottonia palustris,OpenWetPoor
7531782,Hottonia palustris,OpenWetPoor
7531783,Hottonia palustris,OpenWetPoor
7531784,Hottonia palustris,OpenWetPoor
7531785,Hottonia palustris,OpenWetPoor
7531786,Hottonia palustris,OpenWetPoor
7531787,Hottonia palustris,OpenWetPoor
7531788,Hottonia palustris,OpenWetPoor
7531789,Hottonia palustris,OpenWetPoor
7531790,Hottonia palustris,OpenWetPoor
7531791,Hottonia palustris,OpenWetPoor
7531792,Hottonia palustris,OpenWetPoor
7531793,Hottonia palustris,OpenWetPoor
7531794,Hottonia palustris,OpenWetPoor
7531795,Hottonia palustris,OpenWetPoor
7531796,Hottonia palustris,OpenWetPoor
7531797,Hottonia palustris,OpenWetPoor
7531798,Hottonia palustris,OpenWetPoor
7531799,Hottonia palustris,OpenWetPoor
7531800,Hottonia palustris,OpenWetPoor
7531801,Hottonia palustris,OpenWetPoor
7531802,Hottonia palustris,OpenWetPoor
7531803,Hottonia palustris,OpenWetPoor
7531804,Hottonia palustris,OpenWetPoor
7531805,Hottonia palustris,OpenWetPoor
7531806,Hottonia palustris,OpenWetPoor
7531807,Hottonia palustris,OpenWetPoor
7531808,Hottonia palustris,OpenWetPoor
7531809,Hottonia palustris,OpenWetPoor
7531810,Hottonia palustris,OpenWetPoor
7531811,Hottonia palustris,OpenWetPoor
7531812,Hottonia palustris,OpenWetPoor
7531813,Hottonia palustris,OpenWetPoor
7531814,Hottonia palustris,OpenWetPoor
7531815,Hottonia palustris,OpenWetPoor
7531816,Hottonia palustris,OpenWetPoor
7531817,Hottonia palustris,OpenWetPoor
7531818,Hottonia palustris,OpenWetPoor
7531819,Hottonia palustris,OpenWetPoor
7531820,Hottonia palustris,OpenWetPoor
7531821,Hottonia palustris,OpenWetPoor
7531822,Hottonia palustris,OpenWetPoor
7531823,Hottonia palustris,OpenWetPoor
7531824,Hottonia palustris,OpenWetPoor
7531825,Hottonia palustris,OpenWetPoor
7531826,Hottonia palustris,OpenWetPoor
7531827,Hottonia palustris,OpenWetPoor
7531828,Hottonia palustris,OpenWetPoor
7531829,Hottonia palustris,OpenWetPoor
7531830,Hottonia palustris,OpenWetPoor
7531831,Hottonia palustris,OpenWetPoor
7531832,Hottonia palustris,OpenWetPoor
7531833,Hottonia palustris,OpenWetPoor
7531834,Hottonia palustris,OpenWetPoor
7531835,Hottonia palustris,OpenWetPoor
7531836,Hottonia palustris,OpenWetPoor
7531837,Hottonia palustris,OpenWetPoor
7531838,Hottonia palustris,OpenWetPoor
7531839,Hottonia palustris,OpenWetPoor
7531840,Hottonia palustris,OpenWetPoor
7531841,Hottonia palustris,OpenWetPoor
7531842,Hottonia palustris,OpenWetPoor
7531843,Hottonia palustris,OpenWetPoor
7531844,Hottonia palustris,OpenWetPoor
7531845,Hottonia palustris,OpenWetPoor
7531846,Hottonia palustris,OpenWetPoor
7531847,Hottonia palustris,OpenWetPoor
7531848,Hottonia palustris,OpenWetPoor
7531849,Hottonia palustris,OpenWetPoor
7531850,Hottonia palustris,OpenWetPoor
7531851,Hottonia palustris,OpenWetPoor
7531852,Hottonia palustris,OpenWetPoor
7531853,Hottonia palustris,OpenWetPoor
7531854,Hottonia palustris,OpenWetPoor
7531855,Hottonia palustris,OpenWetPoor
7531856,Hottonia palustris,OpenWetPoor
7531857,Hottonia palustris,OpenWetPoor
7531858,Hottonia palustris,OpenWetPoor
7531859,Hottonia palustris,OpenWetPoor
7531860,Hottonia palustris,OpenWetPoor
7534467,Hottonia palustris,OpenWetPoor
7534468,Hottonia palustris,OpenWetPoor
7534469,Hottonia palustris,OpenWetPoor
7534470,Hottonia palustris,OpenWetPoor
7534471,Hottonia palustris,OpenWetPoor
7534472,Hottonia palustris,OpenWetPoor
7534473,Hottonia palustris,OpenWetPoor
7534474,Hottonia palustris,OpenWetPoor
7534475,Hottonia palustris,OpenWetPoor
7534476,Hottonia palustris,OpenWetPoor
7534477,Hottonia palustris,OpenWetPoor
7534478,Hottonia palustris,OpenWetPoor
7534479,Hottonia palustris,OpenWetPoor
7534480,Hottonia palustris,OpenWetPoor
7534481,Hottonia palustris,OpenWetPoor
7534482,Hottonia palustris,OpenWetPoor
7534483,Hottonia palustris,OpenWetPoor
7534484,Hottonia palustris,OpenWetPoor
7534485,Hottonia palustris,OpenWetPoor
7534486,Hottonia palustris,OpenWetPoor
7534487,Hottonia palustris,OpenWetPoor
7534488,Hottonia palustris,OpenWetPoor
7534489,Hottonia palustris,OpenWetPoor
7534490,Hottonia palustris,OpenWetPoor
7534491,Hottonia palustris,OpenWetPoor
7534492,Hottonia palustris,OpenWetPoor
7534493,Hottonia palustris,OpenWetPoor
7534494,Hottonia palustris,OpenWetPoor
7534495,Hottonia palustris,OpenWetPoor
7534496,Hottonia palustris,OpenWetPoor
7534497,Hottonia palustris,OpenWetPoor
7534498,Hottonia palustris,OpenWetPoor
7534499,Hottonia palustris,OpenWetPoor
7534500,Hottonia palustris,OpenWetPoor
7534501,Hottonia palustris,OpenWetPoor
7534502,Hottonia palustris,OpenWetPoor
7534503,Hottonia palustris,OpenWetPoor
7534504,Hottonia palustris,OpenWetPoor
7534505,Hottonia palustris,OpenWetPoor
7534506,Hottonia palustris,OpenWetPoor
7534507,Hottonia palustris,OpenWetPoor
7534508,Hottonia palustris,OpenWetPoor
7534509,Hottonia palustris,OpenWetPoor
7534510,Hottonia palustris,OpenWetPoor
7534511,Hottonia palustris,OpenWetPoor
7534512,Hottonia palustris,OpenWetPoor
7534513,Hottonia palustris,OpenWetPoor
7534514,Hottonia palustris,OpenWetPoor
7534515,Hottonia palustris,OpenWetPoor
7534516,Hottonia palustris,OpenWetPoor
7534517,Hottonia palustris,OpenWetPoor
7534518,Hottonia palustris,OpenWetPoor
7534519,Hottonia palustris,OpenWetPoor
7534520,Hottonia palustris,OpenWetPoor
7534521,Hottonia palustris,OpenWetPoor
7534522,Hottonia palustris,OpenWetPoor
7534523,Hottonia palustris,OpenWetPoor
7534524,Hottonia palustris,OpenWetPoor
7534525,Hottonia palustris,OpenWetPoor
7534526,Hottonia palustris,OpenWetPoor
7534527,Hottonia palustris,OpenWetPoor
7534528,Hottonia palustris,OpenWetPoor
7534529,Hottonia palustris,OpenWetPoor
7534530,Hottonia palustris,OpenWetPoor
7534531,Hottonia palustris,OpenWetPoor
7534532,Hottonia palustris,OpenWetPoor
7534533,Hottonia palustris,OpenWetPoor
7534534,Hottonia palustris,OpenWetPoor
7534535,Hottonia palustris,OpenWetPoor
7534536,Hottonia palustris,OpenWetPoor
7534537,Hottonia palustris,OpenWetPoor
7534538,Hottonia palustris,OpenWetPoor
7534539,Hottonia palustris,OpenWetPoor
7534540,Hottonia palustris,OpenWetPoor
7534541,Hottonia palustris,OpenWetPoor
7534542,Hottonia palustris,OpenWetPoor
7534543,Hottonia palustris,OpenWetPoor
7534544,Hottonia palustris,OpenWetPoor
7534545,Hottonia palustris,OpenWetPoor
7534546,Hottonia palustris,OpenWetPoor
7534547,Hottonia palustris,OpenWetPoor
7534548,Hottonia palustris,OpenWetPoor
7534549,Hottonia palustris,OpenWetPoor
7534550,Hottonia palustris,OpenWetPoor
7534551,Hottonia palustris,OpenWetPoor
7534552,Hottonia palustris,OpenWetPoor
7534553,Hottonia palustris,OpenWetPoor
7534554,Hottonia palustris,OpenWetPoor
7534555,Hottonia palustris,OpenWetPoor
7534556,Hottonia palustris,OpenWetPoor
7534557,Hottonia palustris,OpenWetPoor
7534558,Hottonia palustris,OpenWetPoor
7534559,Hottonia palustris,OpenWetPoor
7534560,Hottonia palustris,OpenWetPoor
7537168,Hottonia palustris,OpenWetPoor
7537169,Hottonia palustris,OpenWetPoor
7537170,Hottonia palustris,OpenWetPoor
7537171,Hottonia palustris,OpenWetPoor
7537172,Hottonia palustris,OpenWetPoor
7537173,Hottonia palustris,OpenWetPoor
7537174,Hottonia palustris,OpenWetPoor
7537175,Hottonia palustris,OpenWetPoor
7537176,Hottonia palustris,OpenWetPoor
7537177,Hottonia palustris,OpenWetPoor
7537178,Hottonia palustris,OpenWetPoor
7537179,Hottonia palustris,OpenWetPoor
7537180,Hottonia palustris,OpenWetPoor
7537181,Hottonia palustris,OpenWetPoor
7537182,Hottonia palustris,OpenWetPoor
7537183,Hottonia palustris,OpenWetPoor
7537184,Hottonia palustris,OpenWetPoor
7537185,Hottonia palustris,OpenWetPoor
7537186,Hottonia palustris,OpenWetPoor
7537187,Hottonia palustris,OpenWetPoor
7537188,Hottonia palustris,OpenWetPoor
7537189,Hottonia palustris,OpenWetPoor
7537190,Hottonia palustris,OpenWetPoor
7537191,Hottonia palustris,OpenWetPoor
7537192,Hottonia palustris,OpenWetPoor
7537193,Hottonia palustris,OpenWetPoor
7537194,Hottonia palustris,OpenWetPoor
7537195,Hottonia palustris,OpenWetPoor
7537196,Hottonia palustris,OpenWetPoor
7537197,Hottonia palustris,OpenWetPoor
7537198,Hottonia palustris,OpenWetPoor
7537199,Hottonia palustris,OpenWetPoor
7537200,Hottonia palustris,OpenWetPoor
7537201,Hottonia palustris,OpenWetPoor
7537202,Hottonia palustris,OpenWetPoor
7537203,Hottonia palustris,OpenWetPoor
7537204,Hottonia palustris,OpenWetPoor
7537205,Hottonia palustris,OpenWetPoor
7537206,Hottonia palustris,OpenWetPoor
7537207,Hottonia palustris,OpenWetPoor
7537208,Hottonia palustris,OpenWetPoor
7537209,Hottonia palustris,OpenWetPoor
7537210,Hottonia palustris,OpenWetPoor
7537211,Hottonia palustris,OpenWetPoor
7537212,Hottonia palustris,OpenWetPoor
7537213,Hottonia palustris,OpenWetPoor
7537214,Hottonia palustris,OpenWetPoor
7537215,Hottonia palustris,OpenWetPoor
7537216,Hottonia palustris,OpenWetPoor
7537217,Hottonia palustris,OpenWetPoor
7537218,Hottonia palustris,OpenWetPoor
7537219,Hottonia palustris,OpenWetPoor
7537220,Hottonia palustris,OpenWetPoor
7537221,Hottonia palustris,OpenWetPoor
7537222,Hottonia palustris,OpenWetPoor
7537223,Hottonia palustris,OpenWetPoor
7537224,Hottonia palustris,OpenWetPoor
7537225,Hottonia palustris,OpenWetPoor
7537226,Hottonia palustris,OpenWetPoor
7537227,Hottonia palustris,OpenWetPoor
7537228,Hottonia palustris,OpenWetPoor
7537229,Hottonia palustris,OpenWetPoor
7537230,Hottonia palustris,OpenWetPoor
7537231,Hottonia palustris,OpenWetPoor
7537232,Hottonia palustris,OpenWetPoor
7537233,Hottonia palustris,OpenWetPoor
7537234,Hottonia palustris,OpenWetPoor
7537235,Hottonia palustris,OpenWetPoor
7537236,Hottonia palustris,OpenWetPoor
7537237,Hottonia palustris,OpenWetPoor
7537238,Hottonia palustris,OpenWetPoor
7537239,Hottonia palustris,OpenWetPoor
7537240,Hottonia palustris,OpenWetPoor
7537241,Hottonia palustris,OpenWetPoor
7537242,Hottonia palustris,OpenWetPoor
7537243,Hottonia palustris,OpenWetPoor
7537244,Hottonia palustris,OpenWetPoor
7537245,Hottonia palustris,OpenWetPoor
7537246,Hottonia palustris,OpenWetPoor
7537247,Hottonia palustris,OpenWetPoor
7537248,Hottonia palustris,OpenWetPoor
7537249,Hottonia palustris,OpenWetPoor
7537250,Hottonia palustris,OpenWetPoor
7537251,Hottonia palustris,OpenWetPoor
7537252,Hottonia palustris,OpenWetPoor
7537253,Hottonia palustris,OpenWetPoor
7537254,Hottonia palustris,OpenWetPoor
7537255,Hottonia palustris,OpenWetPoor
7537256,Hottonia palustris,OpenWetPoor
7537257,Hottonia palustris,OpenWetPoor
7537258,Hottonia palustris,OpenWetPoor
7537259,Hottonia palustris,OpenWetPoor
7539868,Hottonia palustris,OpenWetPoor
7539869,Hottonia palustris,OpenWetPoor
7539870,Hottonia palustris,OpenWetPoor
7539871,Hottonia palustris,OpenWetPoor
7539872,Hottonia palustris,OpenWetPoor
7539873,Hottonia palustris,OpenWetPoor
7539874,Hottonia palustris,OpenWetPoor
7539875,Hottonia palustris,OpenWetPoor
7539876,Hottonia palustris,OpenWetPoor
7539877,Hottonia palustris,OpenWetPoor
7539878,Hottonia palustris,OpenWetPoor
7539879,Hottonia palustris,OpenWetPoor
7539880,Hottonia palustris,OpenWetPoor
7539881,Hottonia palustris,OpenWetPoor
7539882,Hottonia palustris,OpenWetPoor
7539883,Hottonia palustris,OpenWetPoor
7539884,Hottonia palustris,OpenWetPoor
7539885,Hottonia palustris,OpenWetPoor
7539886,Hottonia palustris,OpenWetPoor
7539887,Hottonia palustris,OpenWetPoor
7539888,Hottonia palustris,OpenWetPoor
7539889,Hottonia palustris,OpenWetPoor
7539890,Hottonia palustris,OpenWetPoor
7539891,Hottonia palustris,OpenWetPoor
7539892,Hottonia palustris,OpenWetPoor
7539893,Hottonia palustris,OpenWetPoor
7539894,Hottonia palustris,OpenWetPoor
7539895,Hottonia palustris,OpenWetPoor
7539896,Hottonia palustris,OpenWetPoor
7539897,Hottonia palustris,OpenWetPoor
7539898,Hottonia palustris,OpenWetPoor
7539899,Hottonia palustris,OpenWetPoor
7539900,Hottonia palustris,OpenWetPoor
7539901,Hottonia palustris,OpenWetPoor
7539902,Hottonia palustris,OpenWetPoor
7539903,Hottonia palustris,OpenWetPoor
7539904,Hottonia palustris,OpenWetPoor
7539905,Hottonia palustris,OpenWetPoor
7539906,Hottonia palustris,OpenWetPoor
7539907,Hottonia palustris,OpenWetPoor
7539908,Hottonia palustris,OpenWetPoor
7539909,Hottonia palustris,OpenWetPoor
7539910,Hottonia palustris,OpenWetPoor
7539911,Hottonia palustris,OpenWetPoor
7539912,Hottonia palustris,OpenWetPoor
7539913,Hottonia palustris,OpenWetPoor
7539914,Hottonia palustris,OpenWetPoor
7539915,Hottonia palustris,OpenWetPoor
7539916,Hottonia palustris,OpenWetPoor
7539917,Hottonia palustris,OpenWetPoor
7539918,Hottonia palustris,OpenWetPoor
7539919,Hottonia palustris,OpenWetPoor
7539920,Hottonia palustris,OpenWetPoor
7539921,Hottonia palustris,OpenWetPoor
7539922,Hottonia palustris,OpenWetPoor
7539923,Hottonia palustris,OpenWetPoor
7539924,Hottonia palustris,OpenWetPoor
7539925,Hottonia palustris,OpenWetPoor
7539926,Hottonia palustris,OpenWetPoor
7539927,Hottonia palustris,OpenWetPoor
7539928,Hottonia palustris,OpenWetPoor
7539929,Hottonia palustris,OpenWetPoor
7539930,Hottonia palustris,OpenWetPoor
7539931,Hottonia palustris,OpenWetPoor
7539932,Hottonia palustris,OpenWetPoor
7539933,Hottonia palustris,OpenWetPoor
7539934,Hottonia palustris,OpenWetPoor
7539935,Hottonia palustris,OpenWetPoor
7539936,Hottonia palustris,OpenWetPoor
7539937,Hottonia palustris,OpenWetPoor
7539938,Hottonia palustris,OpenWetPoor
7539939,Hottonia palustris,OpenWetPoor
7539940,Hottonia palustris,OpenWetPoor
7539941,Hottonia palustris,OpenWetPoor
7539942,Hottonia palustris,OpenWetPoor
7539943,Hottonia palustris,OpenWetPoor
7539944,Hottonia palustris,OpenWetPoor
7539945,Hottonia palustris,OpenWetPoor
7539946,Hottonia palustris,OpenWetPoor
7539947,Hottonia palustris,OpenWetPoor
7539948,Hottonia palustris,OpenWetPoor
7539949,Hottonia palustris,OpenWetPoor
7539950,Hottonia palustris,OpenWetPoor
7539951,Hottonia palustris,OpenWetPoor
7539952,Hottonia palustris,OpenWetPoor
7539953,Hottonia palustris,OpenWetPoor
7539954,Hottonia palustris,OpenWetPoor
7539955,Hottonia palustris,OpenWetPoor
7539956,Hottonia palustris,OpenWetPoor
7539957,Hottonia palustris,OpenWetPoor
7539958,Hottonia palustris,OpenWetPoor
7539959,Hottonia palustris,OpenWetPoor
7542569,Hottonia palustris,OpenWetPoor
7542570,Hottonia palustris,OpenWetPoor
7542571,Hottonia palustris,OpenWetPoor
7542572,Hottonia palustris,OpenWetPoor
7542573,Hottonia palustris,OpenWetPoor
7542574,Hottonia palustris,OpenWetPoor
7542575,Hottonia palustris,OpenWetPoor
7542576,Hottonia palustris,OpenWetPoor
7542577,Hottonia palustris,OpenWetPoor
7542578,Hottonia palustris,OpenWetPoor
7542579,Hottonia palustris,OpenWetPoor
7542580,Hottonia palustris,OpenWetPoor
7542581,Hottonia palustris,OpenWetPoor
7542582,Hottonia palustris,OpenWetPoor
7542583,Hottonia palustris,OpenWetPoor
7542584,Hottonia palustris,OpenWetPoor
7542585,Hottonia palustris,OpenWetPoor
7542586,Hottonia palustris,OpenWetPoor
7542587,Hottonia palustris,OpenWetPoor
7542588,Hottonia palustris,OpenWetPoor
7542589,Hottonia palustris,OpenWetPoor
7542590,Hottonia palustris,OpenWetPoor
7542591,Hottonia palustris,OpenWetPoor
7542592,Hottonia palustris,OpenWetPoor
7542593,Hottonia palustris,OpenWetPoor
7542594,Hottonia palustris,OpenWetPoor
7542595,Hottonia palustris,OpenWetPoor
7542596,Hottonia palustris,OpenWetPoor
7542597,Hottonia palustris,OpenWetPoor
7542598,Hottonia palustris,OpenWetPoor
7542599,Hottonia palustris,OpenWetPoor
7542600,Hottonia palustris,OpenWetPoor
7542601,Hottonia palustris,OpenWetPoor
7542602,Hottonia palustris,OpenWetPoor
7542603,Hottonia palustris,OpenWetPoor
7542604,Hottonia palustris,OpenWetPoor
7542605,Hottonia palustris,OpenWetPoor
7542606,Hottonia palustris,OpenWetPoor
7542607,Hottonia palustris,OpenWetPoor
7542608,Hottonia palustris,OpenWetPoor
7542609,Hottonia palustris,OpenWetPoor
7542610,Hottonia palustris,OpenWetPoor
7542611,Hottonia palustris,OpenWetPoor
7542612,Hottonia palustris,OpenWetPoor
7542613,Hottonia palustris,OpenWetPoor
7542614,Hottonia palustris,OpenWetPoor
7542615,Hottonia palustris,OpenWetPoor
7542616,Hottonia palustris,OpenWetPoor
7542617,Hottonia palustris,OpenWetPoor
7542618,Hottonia palustris,OpenWetPoor
7542619,Hottonia palustris,OpenWetPoor
7542620,Hottonia palustris,OpenWetPoor
7542621,Hottonia palustris,OpenWetPoor
7542622,Hottonia palustris,OpenWetPoor
7542623,Hottonia palustris,OpenWetPoor
7542624,Hottonia palustris,OpenWetPoor
7542625,Hottonia palustris,OpenWetPoor
7542626,Hottonia palustris,OpenWetPoor
7542627,Hottonia palustris,OpenWetPoor
7542628,Hottonia palustris,OpenWetPoor
7542629,Hottonia palustris,OpenWetPoor
7542630,Hottonia palustris,OpenWetPoor
7542631,Hottonia palustris,OpenWetPoor
7542632,Hottonia palustris,OpenWetPoor
7542633,Hottonia palustris,OpenWetPoor
7542634,Hottonia palustris,OpenWetPoor
7542635,Hottonia palustris,OpenWetPoor
7542636,Hottonia palustris,OpenWetPoor
7542637,Hottonia palustris,OpenWetPoor
7542638,Hottonia palustris,OpenWetPoor
7542639,Hottonia palustris,OpenWetPoor
7542640,Hottonia palustris,OpenWetPoor
7542641,Hottonia palustris,OpenWetPoor
7542642,Hottonia palustris,OpenWetPoor
7542643,Hottonia palustris,OpenWetPoor
7542644,Hottonia palustris,OpenWetPoor
7542645,Hottonia palustris,OpenWetPoor
7542646,Hottonia palustris,OpenWetPoor
7542647,Hottonia palustris,OpenWetPoor
7542648,Hottonia palustris,OpenWetPoor
7542649,Hottonia palustris,OpenWetPoor
7542650,Hottonia palustris,OpenWetPoor
7542651,Hottonia palustris,OpenWetPoor
7542652,Hottonia palustris,OpenWetPoor
7542653,Hottonia palustris,OpenWetPoor
7542654,Hottonia palustris,OpenWetPoor
7542655,Hottonia palustris,OpenWetPoor
7542656,Hottonia palustris,OpenWetPoor
7542657,Hottonia palustris,OpenWetPoor
7542658,Hottonia palustris,OpenWetPoor
7545269,Hottonia palustris,OpenWetPoor
7545270,Hottonia palustris,OpenWetPoor
7545271,Hottonia palustris,OpenWetPoor
7545272,Hottonia palustris,OpenWetPoor
7545273,Hottonia palustris,OpenWetPoor
7545274,Hottonia palustris,OpenWetPoor
7545275,Hottonia palustris,OpenWetPoor
7545276,Hottonia palustris,OpenWetPoor
7545277,Hottonia palustris,OpenWetPoor
7545278,Hottonia palustris,OpenWetPoor
7545279,Hottonia palustris,OpenWetPoor
7545280,Hottonia palustris,OpenWetPoor
7545281,Hottonia palustris,OpenWetPoor
7545282,Hottonia palustris,OpenWetPoor
7545283,Hottonia palustris,OpenWetPoor
7545284,Hottonia palustris,OpenWetPoor
7545285,Hottonia palustris,OpenWetPoor
7545286,Hottonia palustris,OpenWetPoor
7545287,Hottonia palustris,OpenWetPoor
7545288,Hottonia palustris,OpenWetPoor
7545289,Hottonia palustris,OpenWetPoor
7545290,Hottonia palustris,OpenWetPoor
7545291,Hottonia palustris,OpenWetPoor
7545292,Hottonia palustris,OpenWetPoor
7545293,Hottonia palustris,OpenWetPoor
7545294,Hottonia palustris,OpenWetPoor
7545295,Hottonia palustris,OpenWetPoor
7545296,Hottonia palustris,OpenWetPoor
7545297,Hottonia palustris,OpenWetPoor
7545298,Hottonia palustris,OpenWetPoor
7545299,Hottonia palustris,OpenWetPoor
7545300,Hottonia palustris,OpenWetPoor
7545301,Hottonia palustris,OpenWetPoor
7545302,Hottonia palustris,OpenWetPoor
7545303,Hottonia palustris,OpenWetPoor
7545304,Hottonia palustris,OpenWetPoor
7545305,Hottonia palustris,OpenWetPoor
7545306,Hottonia palustris,OpenWetPoor
7545307,Hottonia palustris,OpenWetPoor
7545308,Hottonia palustris,OpenWetPoor
7545309,Hottonia palustris,OpenWetPoor
7545310,Hottonia palustris,OpenWetPoor
7545311,Hottonia palustris,OpenWetPoor
7545312,Hottonia palustris,OpenWetPoor
7545313,Hottonia palustris,OpenWetPoor
7545314,Hottonia palustris,OpenWetPoor
7545315,Hottonia palustris,OpenWetPoor
7545316,Hottonia palustris,OpenWetPoor
7545317,Hottonia palustris,OpenWetPoor
7545318,Hottonia palustris,OpenWetPoor
7545319,Hottonia palustris,OpenWetPoor
7545320,Hottonia palustris,OpenWetPoor
7545321,Hottonia palustris,OpenWetPoor
7545322,Hottonia palustris,OpenWetPoor
7545323,Hottonia palustris,OpenWetPoor
7545324,Hottonia palustris,OpenWetPoor
7545325,Hottonia palustris,OpenWetPoor
7545326,Hottonia palustris,OpenWetPoor
7545327,Hottonia palustris,OpenWetPoor
7545328,Hottonia palustris,OpenWetPoor
7545329,Hottonia palustris,OpenWetPoor
7545330,Hottonia palustris,OpenWetPoor
7545331,Hottonia palustris,OpenWetPoor
7545332,Hottonia palustris,OpenWetPoor
7545333,Hottonia palustris,OpenWetPoor
7545334,Hottonia palustris,OpenWetPoor
7545335,Hottonia palustris,OpenWetPoor
7545336,Hottonia palustris,OpenWetPoor
7545337,Hottonia palustris,OpenWetPoor
7545338,Hottonia palustris,OpenWetPoor
7545339,Hottonia palustris,OpenWetPoor
7545340,Hottonia palustris,OpenWetPoor
7545341,Hottonia palustris,OpenWetPoor
7545342,Hottonia palustris,OpenWetPoor
7545343,Hottonia palustris,OpenWetPoor
7545344,Hottonia palustris,OpenWetPoor
7545345,Hottonia palustris,OpenWetPoor
7545346,Hottonia palustris,OpenWetPoor
7545347,Hottonia palustris,OpenWetPoor
7545348,Hottonia palustris,OpenWetPoor
7545349,Hottonia palustris,OpenWetPoor
7545350,Hottonia palustris,OpenWetPoor
7545351,Hottonia palustris,OpenWetPoor
7545352,Hottonia palustris,OpenWetPoor
7545353,Hottonia palustris,OpenWetPoor
7545354,Hottonia palustris,OpenWetPoor
7545355,Hottonia palustris,OpenWetPoor
7545356,Hottonia palustris,OpenWetPoor
7545357,Hottonia palustris,OpenWetPoor
7545358,Hottonia palustris,OpenWetPoor
7547969,Hottonia palustris,OpenWetPoor
7547970,Hottonia palustris,OpenWetPoor
7547971,Hottonia palustris,OpenWetPoor
7547972,Hottonia palustris,OpenWetPoor
7547973,Hottonia palustris,OpenWetPoor
7547974,Hottonia palustris,OpenWetPoor
7547975,Hottonia palustris,OpenWetPoor
7547976,Hottonia palustris,OpenWetPoor
7547977,Hottonia palustris,OpenWetPoor
7547978,Hottonia palustris,OpenWetPoor
7547979,Hottonia palustris,OpenWetPoor
7547980,Hottonia palustris,OpenWetPoor
7547981,Hottonia palustris,OpenWetPoor
7547982,Hottonia palustris,OpenWetPoor
7547983,Hottonia palustris,OpenWetPoor
7547984,Hottonia palustris,OpenWetPoor
7547985,Hottonia palustris,OpenWetPoor
7547986,Hottonia palustris,OpenWetPoor
7547987,Hottonia palustris,OpenWetPoor
7547988,Hottonia palustris,OpenWetPoor
7547989,Hottonia palustris,OpenWetPoor
7547990,Hottonia palustris,OpenWetPoor
7547991,Hottonia palustris,OpenWetPoor
7547992,Hottonia palustris,OpenWetPoor
7547993,Hottonia palustris,OpenWetPoor
7547994,Hottonia palustris,OpenWetPoor
7547995,Hottonia palustris,OpenWetPoor
7547996,Hottonia palustris,OpenWetPoor
7547997,Hottonia palustris,OpenWetPoor
7547998,Hottonia palustris,OpenWetPoor
7547999,Hottonia palustris,OpenWetPoor
7548000,Hottonia palustris,OpenWetPoor
7548001,Hottonia palustris,OpenWetPoor
7548002,Hottonia palustris,OpenWetPoor
7548003,Hottonia palustris,OpenWetPoor
7548004,Hottonia palustris,OpenWetPoor
7548005,Hottonia palustris,OpenWetPoor
7548006,Hottonia palustris,OpenWetPoor
7548007,Hottonia palustris,OpenWetPoor
7548008,Hottonia palustris,OpenWetPoor
7548009,Hottonia palustris,OpenWetPoor
7548010,Hottonia palustris,OpenWetPoor
7548011,Hottonia palustris,OpenWetPoor
7548012,Hottonia palustris,OpenWetPoor
7548013,Hottonia palustris,OpenWetPoor
7548014,Hottonia palustris,OpenWetPoor
7548015,Hottonia palustris,OpenWetPoor
7548016,Hottonia palustris,OpenWetPoor
7548017,Hottonia palustris,OpenWetPoor
7548018,Hottonia palustris,OpenWetPoor
7548019,Hottonia palustris,OpenWetPoor
7548020,Hottonia palustris,OpenWetPoor
7548021,Hottonia palustris,OpenWetPoor
7548022,Hottonia palustris,OpenWetPoor
7548023,Hottonia palustris,OpenWetPoor
7548024,Hottonia palustris,OpenWetPoor
7548025,Hottonia palustris,OpenWetPoor
7548026,Hottonia palustris,OpenWetPoor
7548027,Hottonia palustris,OpenWetPoor
7548028,Hottonia palustris,OpenWetPoor
7548029,Hottonia palustris,OpenWetPoor
7548030,Hottonia palustris,OpenWetPoor
7548031,Hottonia palustris,OpenWetPoor
7548032,Hottonia palustris,OpenWetPoor
7548033,Hottonia palustris,OpenWetPoor
7548034,Hottonia palustris,OpenWetPoor
7548035,Hottonia palustris,OpenWetPoor
7548036,Hottonia palustris,OpenWetPoor
7548037,Hottonia palustris,OpenWetPoor
7548038,Hottonia palustris,OpenWetPoor
7548039,Hottonia palustris,OpenWetPoor
7548040,Hottonia palustris,OpenWetPoor
7548041,Hottonia palustris,OpenWetPoor
7548042,Hottonia palustris,OpenWetPoor
7548043,Hottonia palustris,OpenWetPoor
7548044,Hottonia palustris,OpenWetPoor
7548045,Hottonia palustris,OpenWetPoor
7548046,Hottonia palustris,OpenWetPoor
7548047,Hottonia palustris,OpenWetPoor
7548048,Hottonia palustris,OpenWetPoor
7548049,Hottonia palustris,OpenWetPoor
7548050,Hottonia palustris,OpenWetPoor
7548051,Hottonia palustris,OpenWetPoor
7548052,Hottonia palustris,OpenWetPoor
7548053,Hottonia palustris,OpenWetPoor
7548054,Hottonia palustris,OpenWetPoor
7548055,Hottonia palustris,OpenWetPoor
7548056,Hottonia palustris,OpenWetPoor
7548057,Hottonia palustris,OpenWetPoor
7548058,Hottonia palustris,OpenWetPoor
7550670,Hottonia palustris,OpenWetPoor
7550671,Hottonia palustris,OpenWetPoor
7550672,Hottonia palustris,OpenWetPoor
7550673,Hottonia palustris,OpenWetPoor
7550674,Hottonia palustris,OpenWetPoor
7550675,Hottonia palustris,OpenWetPoor
7550676,Hottonia palustris,OpenWetPoor
7550677,Hottonia palustris,OpenWetPoor
7550678,Hottonia palustris,OpenWetPoor
7550679,Hottonia palustris,OpenWetPoor
7550680,Hottonia palustris,OpenWetPoor
7550681,Hottonia palustris,OpenWetPoor
7550682,Hottonia palustris,OpenWetPoor
7550683,Hottonia palustris,OpenWetPoor
7550684,Hottonia palustris,OpenWetPoor
7550685,Hottonia palustris,OpenWetPoor
7550686,Hottonia palustris,OpenWetPoor
7550687,Hottonia palustris,OpenWetPoor
7550688,Hottonia palustris,OpenWetPoor
7550689,Hottonia palustris,OpenWetPoor
7550690,Hottonia palustris,OpenWetPoor
7550691,Hottonia palustris,OpenWetPoor
7550692,Hottonia palustris,OpenWetPoor
7550693,Hottonia palustris,OpenWetPoor
7550694,Hottonia palustris,OpenWetPoor
7550695,Hottonia palustris,OpenWetPoor
7550696,Hottonia palustris,OpenWetPoor
7550697,Hottonia palustris,OpenWetPoor
7550698,Hottonia palustris,OpenWetPoor
7550699,Hottonia palustris,OpenWetPoor
7550700,Hottonia palustris,OpenWetPoor
7550701,Hottonia palustris,OpenWetPoor
7550702,Hottonia palustris,OpenWetPoor
7550703,Hottonia palustris,OpenWetPoor
7550704,Hottonia palustris,OpenWetPoor
7550705,Hottonia palustris,OpenWetPoor
7550706,Hottonia palustris,OpenWetPoor
7550707,Hottonia palustris,OpenWetPoor
7550708,Hottonia palustris,OpenWetPoor
7550709,Hottonia palustris,OpenWetPoor
7550710,Hottonia palustris,OpenWetPoor
7550711,Hottonia palustris,OpenWetPoor
7550712,Hottonia palustris,OpenWetPoor
7550713,Hottonia palustris,OpenWetPoor
7550714,Hottonia palustris,OpenWetPoor
7550715,Hottonia palustris,OpenWetPoor
7550716,Hottonia palustris,OpenWetPoor
7550717,Hottonia palustris,OpenWetPoor
7550718,Hottonia palustris,OpenWetPoor
7550719,Hottonia palustris,OpenWetPoor
7550720,Hottonia palustris,OpenWetPoor
7550721,Hottonia palustris,OpenWetPoor
7550722,Hottonia palustris,OpenWetPoor
7550723,Hottonia palustris,OpenWetPoor
7550724,Hottonia palustris,OpenWetPoor
7550725,Hottonia palustris,OpenWetPoor
7550726,Hottonia palustris,OpenWetPoor
7550727,Hottonia palustris,OpenWetPoor
7550728,Hottonia palustris,OpenWetPoor
7550729,Hottonia palustris,OpenWetPoor
7550730,Hottonia palustris,OpenWetPoor
7550731,Hottonia palustris,OpenWetPoor
7550732,Hottonia palustris,OpenWetPoor
7550733,Hottonia palustris,OpenWetPoor
7550734,Hottonia palustris,OpenWetPoor
7550735,Hottonia palustris,OpenWetPoor
7550736,Hottonia palustris,OpenWetPoor
7550737,Hottonia palustris,OpenWetPoor
7550738,Hottonia palustris,OpenWetPoor
7550739,Hottonia palustris,OpenWetPoor
7550740,Hottonia palustris,OpenWetPoor
7550741,Hottonia palustris,OpenWetPoor
7550742,Hottonia palustris,OpenWetPoor
7550743,Hottonia palustris,OpenWetPoor
7550744,Hottonia palustris,OpenWetPoor
7550745,Hottonia palustris,OpenWetPoor
7550746,Hottonia palustris,OpenWetPoor
7550747,Hottonia palustris,OpenWetPoor
7550748,Hottonia palustris,OpenWetPoor
7550749,Hottonia palustris,OpenWetPoor
7550750,Hottonia palustris,OpenWetPoor
7550751,Hottonia palustris,OpenWetPoor
7550752,Hottonia palustris,OpenWetPoor
7550753,Hottonia palustris,OpenWetPoor
7550754,Hottonia palustris,OpenWetPoor
7550755,Hottonia palustris,OpenWetPoor
7550756,Hottonia palustris,OpenWetPoor
7550757,Hottonia palustris,OpenWetPoor
7553371,Hottonia palustris,OpenWetPoor
7553372,Hottonia palustris,OpenWetPoor
7553373,Hottonia palustris,OpenWetPoor
7553374,Hottonia palustris,OpenWetPoor
7553375,Hottonia palustris,OpenWetPoor
7553376,Hottonia palustris,OpenWetPoor
7553377,Hottonia palustris,OpenWetPoor
7553378,Hottonia palustris,OpenWetPoor
7553379,Hottonia palustris,OpenWetPoor
7553380,Hottonia palustris,OpenWetPoor
7553381,Hottonia palustris,OpenWetPoor
7553382,Hottonia palustris,OpenWetPoor
7553383,Hottonia palustris,OpenWetPoor
7553384,Hottonia palustris,OpenWetPoor
7553385,Hottonia palustris,OpenWetPoor
7553386,Hottonia palustris,OpenWetPoor
7553387,Hottonia palustris,OpenWetPoor
7553388,Hottonia palustris,OpenWetPoor
7553389,Hottonia palustris,OpenWetPoor
7553390,Hottonia palustris,OpenWetPoor
7553391,Hottonia palustris,OpenWetPoor
7553392,Hottonia palustris,OpenWetPoor
7553393,Hottonia palustris,OpenWetPoor
7553394,Hottonia palustris,OpenWetPoor
7553395,Hottonia palustris,OpenWetPoor
7553396,Hottonia palustris,OpenWetPoor
7553397,Hottonia palustris,OpenWetPoor
7553398,Hottonia palustris,OpenWetPoor
7553399,Hottonia palustris,OpenWetPoor
7553400,Hottonia palustris,OpenWetPoor
7553401,Hottonia palustris,OpenWetPoor
7553402,Hottonia palustris,OpenWetPoor
7553403,Hottonia palustris,OpenWetPoor
7553404,Hottonia palustris,OpenWetPoor
7553405,Hottonia palustris,OpenWetPoor
7553406,Hottonia palustris,OpenWetPoor
7553407,Hottonia palustris,OpenWetPoor
7553408,Hottonia palustris,OpenWetPoor
7553409,Hottonia palustris,OpenWetPoor
7553410,Hottonia palustris,OpenWetPoor
7553411,Hottonia palustris,OpenWetPoor
7553412,Hottonia palustris,OpenWetPoor
7553413,Hottonia palustris,OpenWetPoor
7553414,Hottonia palustris,OpenWetPoor
7553415,Hottonia palustris,OpenWetPoor
7553416,Hottonia palustris,OpenWetPoor
7553417,Hottonia palustris,OpenWetPoor
7553418,Hottonia palustris,OpenWetPoor
7553419,Hottonia palustris,OpenWetPoor
7553420,Hottonia palustris,OpenWetPoor
7553421,Hottonia palustris,OpenWetPoor
7553422,Hottonia palustris,OpenWetPoor
7553423,Hottonia palustris,OpenWetPoor
7553424,Hottonia palustris,OpenWetPoor
7553425,Hottonia palustris,OpenWetPoor
7553426,Hottonia palustris,OpenWetPoor
7553427,Hottonia palustris,OpenWetPoor
7553428,Hottonia palustris,OpenWetPoor
7553429,Hottonia palustris,OpenWetPoor
7553430,Hottonia palustris,OpenWetPoor
7553431,Hottonia palustris,OpenWetPoor
7553432,Hottonia palustris,OpenWetPoor
7553433,Hottonia palustris,OpenWetPoor
7553434,Hottonia palustris,OpenWetPoor
7553435,Hottonia palustris,OpenWetPoor
7553436,Hottonia palustris,OpenWetPoor
7553437,Hottonia palustris,OpenWetPoor
7553438,Hottonia palustris,OpenWetPoor
7553439,Hottonia palustris,OpenWetPoor
7553440,Hottonia palustris,OpenWetPoor
7553441,Hottonia palustris,OpenWetPoor
7553442,Hottonia palustris,OpenWetPoor
7553443,Hottonia palustris,OpenWetPoor
7553444,Hottonia palustris,OpenWetPoor
7553445,Hottonia palustris,OpenWetPoor
7553446,Hottonia palustris,OpenWetPoor
7553447,Hottonia palustris,OpenWetPoor
7553448,Hottonia palustris,OpenWetPoor
7553449,Hottonia palustris,OpenWetPoor
7553450,Hottonia palustris,OpenWetPoor
7553451,Hottonia palustris,OpenWetPoor
7553452,Hottonia palustris,OpenWetPoor
7553453,Hottonia palustris,OpenWetPoor
7553454,Hottonia palustris,OpenWetPoor
7553455,Hottonia palustris,OpenWetPoor
7553456,Hottonia palustris,OpenWetPoor
7556071,Hottonia palustris,OpenWetPoor
7556072,Hottonia palustris,OpenWetPoor
7556073,Hottonia palustris,OpenWetPoor
7556074,Hottonia palustris,OpenWetPoor
7556075,Hottonia palustris,OpenWetPoor
7556076,Hottonia palustris,OpenWetPoor
7556077,Hottonia palustris,OpenWetPoor
7556078,Hottonia palustris,OpenWetPoor
7556079,Hottonia palustris,OpenWetPoor
7556080,Hottonia palustris,OpenWetPoor
7556081,Hottonia palustris,OpenWetPoor
7556082,Hottonia palustris,OpenWetPoor
7556083,Hottonia palustris,OpenWetPoor
7556084,Hottonia palustris,OpenWetPoor
7556085,Hottonia palustris,OpenWetPoor
7556086,Hottonia palustris,OpenWetPoor
7556087,Hottonia palustris,OpenWetPoor
7556088,Hottonia palustris,OpenWetPoor
7556089,Hottonia palustris,OpenWetPoor
7556090,Hottonia palustris,OpenWetPoor
7556091,Hottonia palustris,OpenWetPoor
7556092,Hottonia palustris,OpenWetPoor
7556093,Hottonia palustris,OpenWetPoor
7556094,Hottonia palustris,OpenWetPoor
7556095,Hottonia palustris,OpenWetPoor
7556096,Hottonia palustris,OpenWetPoor
7556097,Hottonia palustris,OpenWetPoor
7556098,Hottonia palustris,OpenWetPoor
7556099,Hottonia palustris,OpenWetPoor
7556100,Hottonia palustris,OpenWetPoor
7556101,Hottonia palustris,OpenWetPoor
7556102,Hottonia palustris,OpenWetPoor
7556103,Hottonia palustris,OpenWetPoor
7556104,Hottonia palustris,OpenWetPoor
7556105,Hottonia palustris,OpenWetPoor
7556106,Hottonia palustris,OpenWetPoor
7556107,Hottonia palustris,OpenWetPoor
7556108,Hottonia palustris,OpenWetPoor
7556109,Hottonia palustris,OpenWetPoor
7556110,Hottonia palustris,OpenWetPoor
7556111,Hottonia palustris,OpenWetPoor
7556112,Hottonia palustris,OpenWetPoor
7556113,Hottonia palustris,OpenWetPoor
7556114,Hottonia palustris,OpenWetPoor
7556115,Hottonia palustris,OpenWetPoor
7556116,Hottonia palustris,OpenWetPoor
7556117,Hottonia palustris,OpenWetPoor
7556118,Hottonia palustris,OpenWetPoor
7556119,Hottonia palustris,OpenWetPoor
7556120,Hottonia palustris,OpenWetPoor
7556121,Hottonia palustris,OpenWetPoor
7556122,Hottonia palustris,OpenWetPoor
7556123,Hottonia palustris,OpenWetPoor
7556124,Hottonia palustris,OpenWetPoor
7556125,Hottonia palustris,OpenWetPoor
7556126,Hottonia palustris,OpenWetPoor
7556127,Hottonia palustris,OpenWetPoor
7556128,Hottonia palustris,OpenWetPoor
7556129,Hottonia palustris,OpenWetPoor
7556130,Hottonia palustris,OpenWetPoor
7556131,Hottonia palustris,OpenWetPoor
7556132,Hottonia palustris,OpenWetPoor
7556133,Hottonia palustris,OpenWetPoor
7556134,Hottonia palustris,OpenWetPoor
7556135,Hottonia palustris,OpenWetPoor
7556136,Hottonia palustris,OpenWetPoor
7556137,Hottonia palustris,OpenWetPoor
7556138,Hottonia palustris,OpenWetPoor
7556139,Hottonia palustris,OpenWetPoor
7556140,Hottonia palustris,OpenWetPoor
7556141,Hottonia palustris,OpenWetPoor
7556142,Hottonia palustris,OpenWetPoor
7556143,Hottonia palustris,OpenWetPoor
7556144,Hottonia palustris,OpenWetPoor
7556145,Hottonia palustris,OpenWetPoor
7556146,Hottonia palustris,OpenWetPoor
7556147,Hottonia palustris,OpenWetPoor
7556148,Hottonia palustris,OpenWetPoor
7556149,Hottonia palustris,OpenWetPoor
7556150,Hottonia palustris,OpenWetPoor
7556151,Hottonia palustris,OpenWetPoor
7556152,Hottonia palustris,OpenWetPoor
7556153,Hottonia palustris,OpenWetPoor
7556154,Hottonia palustris,OpenWetPoor
7556155,Hottonia palustris,OpenWetPoor
7556156,Hottonia palustris,OpenWetPoor
7558772,Hottonia palustris,OpenWetPoor
7558773,Hottonia palustris,OpenWetPoor
7558774,Hottonia palustris,OpenWetPoor
7558775,Hottonia palustris,OpenWetPoor
7558776,Hottonia palustris,OpenWetPoor
7558777,Hottonia palustris,OpenWetPoor
7558778,Hottonia palustris,OpenWetPoor
7558779,Hottonia palustris,OpenWetPoor
7558780,Hottonia palustris,OpenWetPoor
7558781,Hottonia palustris,OpenWetPoor
7558782,Hottonia palustris,OpenWetPoor
7558783,Hottonia palustris,OpenWetPoor
7558784,Hottonia palustris,OpenWetPoor
7558785,Hottonia palustris,OpenWetPoor
7558786,Hottonia palustris,OpenWetPoor
7558787,Hottonia palustris,OpenWetPoor
7558788,Hottonia palustris,OpenWetPoor
7558789,Hottonia palustris,OpenWetPoor
7558790,Hottonia palustris,OpenWetPoor
7558791,Hottonia palustris,OpenWetPoor
7558792,Hottonia palustris,OpenWetPoor
7558793,Hottonia palustris,OpenWetPoor
7558794,Hottonia palustris,OpenWetPoor
7558795,Hottonia palustris,OpenWetPoor
7558796,Hottonia palustris,OpenWetPoor
7558797,Hottonia palustris,OpenWetPoor
7558798,Hottonia palustris,OpenWetPoor
7558799,Hottonia palustris,OpenWetPoor
7558800,Hottonia palustris,OpenWetPoor
7558801,Hottonia palustris,OpenWetPoor
7558802,Hottonia palustris,OpenWetPoor
7558803,Hottonia palustris,OpenWetPoor
7558804,Hottonia palustris,OpenWetPoor
7558805,Hottonia palustris,OpenWetPoor
7558806,Hottonia palustris,OpenWetPoor
7558807,Hottonia palustris,OpenWetPoor
7558808,Hottonia palustris,OpenWetPoor
7558809,Hottonia palustris,OpenWetPoor
7558810,Hottonia palustris,OpenWetPoor
7558811,Hottonia palustris,OpenWetPoor
7558812,Hottonia palustris,OpenWetPoor
7558813,Hottonia palustris,OpenWetPoor
7558814,Hottonia palustris,OpenWetPoor
7558815,Hottonia palustris,OpenWetPoor
7558816,Hottonia palustris,OpenWetPoor
7558817,Hottonia palustris,OpenWetPoor
7558818,Hottonia palustris,OpenWetPoor
7558819,Hottonia palustris,OpenWetPoor
7558820,Hottonia palustris,OpenWetPoor
7558821,Hottonia palustris,OpenWetPoor
7558822,Hottonia palustris,OpenWetPoor
7558823,Hottonia palustris,OpenWetPoor
7558824,Hottonia palustris,OpenWetPoor
7558825,Hottonia palustris,OpenWetPoor
7558826,Hottonia palustris,OpenWetPoor
7558827,Hottonia palustris,OpenWetPoor
7558828,Hottonia palustris,OpenWetPoor
7558829,Hottonia palustris,OpenWetPoor
7558830,Hottonia palustris,OpenWetPoor
7558831,Hottonia palustris,OpenWetPoor
7558832,Hottonia palustris,OpenWetPoor
7558833,Hottonia palustris,OpenWetPoor
7558834,Hottonia palustris,OpenWetPoor
7558835,Hottonia palustris,OpenWetPoor
7558836,Hottonia palustris,OpenWetPoor
7558837,Hottonia palustris,OpenWetPoor
7558838,Hottonia palustris,OpenWetPoor
7558839,Hottonia palustris,OpenWetPoor
7558840,Hottonia palustris,OpenWetPoor
7558841,Hottonia palustris,OpenWetPoor
7558842,Hottonia palustris,OpenWetPoor
7558843,Hottonia palustris,OpenWetPoor
7558844,Hottonia palustris,OpenWetPoor
7558845,Hottonia palustris,OpenWetPoor
7558846,Hottonia palustris,OpenWetPoor
7558847,Hottonia palustris,OpenWetPoor
7558848,Hottonia palustris,OpenWetPoor
7558849,Hottonia palustris,OpenWetPoor
7558850,Hottonia palustris,OpenWetPoor
7558851,Hottonia palustris,OpenWetPoor
7558852,Hottonia palustris,OpenWetPoor
7558853,Hottonia palustris,OpenWetPoor
7558854,Hottonia palustris,OpenWetPoor
7558855,Hottonia palustris,OpenWetPoor
7561472,Hottonia palustris,OpenWetPoor
7561473,Hottonia palustris,OpenWetPoor
7561474,Hottonia palustris,OpenWetPoor
7561475,Hottonia palustris,OpenWetPoor
7561476,Hottonia palustris,OpenWetPoor
7561477,Hottonia palustris,OpenWetPoor
7561478,Hottonia palustris,OpenWetPoor
7561479,Hottonia palustris,OpenWetPoor
7561480,Hottonia palustris,OpenWetPoor
7564173,Hottonia palustris,OpenWetPoor
7564174,Hottonia palustris,OpenWetPoor
7564175,Hottonia palustris,OpenWetPoor
7564176,Hottonia palustris,OpenWetPoor
7564177,Hottonia palustris,OpenWetPoor
7564178,Hottonia palustris,OpenWetPoor
7564179,Hottonia palustris,OpenWetPoor
7564180,Hottonia palustris,OpenWetPoor
7566874,Hottonia palustris,OpenWetPoor
7566875,Hottonia palustris,OpenWetPoor
7566876,Hottonia palustris,OpenWetPoor
7566877,Hottonia palustris,OpenWetPoor
7566878,Hottonia palustris,OpenWetPoor
7566879,Hottonia palustris,OpenWetPoor
7566880,Hottonia palustris,OpenWetPoor
7569575,Hottonia palustris,OpenWetPoor
7569576,Hottonia palustris,OpenWetPoor
7569577,Hottonia palustris,OpenWetPoor
7569578,Hottonia palustris,OpenWetPoor
7569579,Hottonia palustris,OpenWetPoor
7569580,Hottonia palustris,OpenWetPoor
7572275,Hottonia palustris,OpenWetPoor
7572276,Hottonia palustris,OpenWetPoor
7572277,Hottonia palustris,OpenWetPoor
7572278,Hottonia palustris,OpenWetPoor
7572279,Hottonia palustris,OpenWetPoor
7572280,Hottonia palustris,OpenWetPoor
7574976,Hottonia palustris,OpenWetPoor
7574977,Hottonia palustris,OpenWetPoor
7574978,Hottonia palustris,OpenWetPoor
7574979,Hottonia palustris,OpenWetPoor
7574980,Hottonia palustris,OpenWetPoor
7577677,Hottonia palustris,OpenWetPoor
7577678,Hottonia palustris,OpenWetPoor
7577679,Hottonia palustris,OpenWetPoor
7577680,Hottonia palustris,OpenWetPoor
7580378,Hottonia palustris,OpenWetPoor
7580379,Hottonia palustris,OpenWetPoor
7580380,Hottonia palustris,OpenWetPoor
7583079,Hottonia palustris,OpenWetPoor
7583080,Hottonia palustris,OpenWetPoor
7585780,Hottonia palustris,OpenWetPoor
